# [1] m:            [M_sun/h] 
# [2] sigma 
# [3] ln(1/sigma) 
# [4] n_eff 
# [5] f(sigma) 
# [6] dn/dm:        [h^4/(Mpc^3*M_sun)] 
# [7] dn/dlnm:      [h^3/Mpc^3] 
# [8] dn/dlog10m:   [h^3/Mpc^3] 
# [9] n(>m):        [h^3/Mpc^3] 
# [11] rho(>m):     [M_sun*h^2/Mpc^3] 
# [11] rho(<m):     [M_sun*h^2/Mpc^3] 
# [12] Lbox(N=1):   [Mpc/h]
1.000000000000000000e+10 3.769846448168638897e+00 -1.327034270701690222e+00 -2.368127519501275646e+00 2.520524070638571201e-01 2.299261634461769665e-11 2.299261634461769732e-01 5.294245564404795878e-01 2.602470964291117572e-01 4.123259674190704346e+10 4.538763725809295654e+10 1.566287092746297294e+00
1.122018454301965332e+10 3.724254843294898087e+00 -1.314866789751955700e+00 -2.363586376606290784e+00 2.535034271269077655e-01 1.850083819913558972e-11 2.075828187948486891e-01 4.779771041187028668e-01 2.350620549151323235e-01 4.096616581990817261e+10 4.565406818009182739e+10 1.620338771203984951e+00
1.258925411794171333e+10 3.678891317834396268e+00 -1.302611434461605100e+00 -2.359000638802431382e+00 2.549654729649637463e-01 1.488699600652649784e-11 1.874161757789455651e-01 4.315416925345518240e-01 2.123240849988010381e-01 4.069627133627432251e+10 4.592396266372567749e+10 1.676229886194057217e+00
1.412537544622761154e+10 3.633754680030288675e+00 -1.290266460824151196e+00 -2.354307742663723779e+00 2.564384021800685809e-01 1.198054964569615431e-11 1.692297617976273594e-01 3.896659268061500314e-01 1.917938945152835861e-01 4.042284719766074371e+10 4.619738680233925629e+10 1.734023879958664471e+00
1.584893192461123848e+10 3.588845200703713711e+00 -1.277830479639765926e+00 -2.349487818673414274e+00 2.579220001383011884e-01 9.642994603345932774e-12 1.528311650178232339e-01 3.519067623149528812e-01 1.732545772872561007e-01 4.014580910179876709e+10 4.647442489820123291e+10 1.793790670486827166e+00
1.778279410038937378e+10 3.544162651758067550e+00 -1.265301926655287401e+00 -2.344598751539110459e+00 2.594160409848162985e-01 7.761974179850623343e-12 1.380295886528223048e-01 3.178248732240887553e-01 1.565112863987801195e-01 3.986508008679210663e+10 4.675515391320789337e+10 1.855601776646202739e+00
1.995262314968899155e+10 3.499706284267749989e+00 -1.252679046193347245e+00 -2.339663602586535607e+00 2.609202872130406692e-01 6.248002378145043876e-12 1.246640368894886691e-01 2.870495529741964313e-01 1.413894257438230440e-01 3.958059994088442993e+10 4.703963405911557007e+10 1.919527579903895553e+00
2.238721138568365097e+10 3.455475415398929329e+00 -1.239960049894840433e+00 -2.334649938473145170e+00 2.624344681405042512e-01 5.029666371066545193e-12 1.126002042485311355e-01 2.592715517707526174e-01 1.277313981251993746e-01 3.929230597609526062e+10 4.732792802390473938e+10 1.985641211979621623e+00
2.511886431509613037e+10 3.411470888265900392e+00 -1.227143543825206518e+00 -2.329502055914826286e+00 2.639582263961013919e-01 4.049493948798957381e-12 1.017186890446838410e-01 2.342159370731857759e-01 1.153942109041009578e-01 3.900011584160624695e+10 4.762011815839375305e+10 2.054023112506981441e+00
2.818382931264495468e+10 3.367693657665496776e+00 -1.214228135493114813e+00 -2.324277172505113676e+00 2.654911620151561569e-01 3.260519194641255671e-12 9.189391645237174333e-02 2.115935621600714689e-01 1.042489734232695808e-01 3.870394696202253723e+10 4.791628703797746277e+10 2.124757663576795519e+00
3.162277660168431091e+10 3.324143918268084530e+00 -1.201212172767142983e+00 -2.319001461650616491e+00 2.670328603742589402e-01 2.625300309850861505e-12 8.301928521074639078e-02 1.911589685572857022e-01 9.418016015533570151e-02 3.840373460708080292e+10 4.821649939291919708e+10 2.197928321238343141e+00
3.548133892335818481e+10 3.280821680243234617e+00 -1.188093903292372078e+00 -2.313676023441203711e+00 2.685828698329358333e-01 2.113856897357608964e-12 7.500247301062369643e-02 1.726995762919503741e-01 8.508369653410483013e-02 3.809941986817004395e+10 4.852081413182995605e+10 2.273620012896787390e+00
3.981071705535050964e+10 3.237728130722408171e+00 -1.174871889631110999e+00 -2.308223521473913742e+00 2.701406492511217450e-01 1.702251920329320271e-12 6.776786955715763394e-02 1.560412862262761935e-01 7.686517497114919717e-02 3.779092667583898926e+10 4.882930732416101074e+10 2.351924953712569266e+00
4.466835921509725952e+10 3.194865202276643501e+00 -1.161544896728712972e+00 -2.302675480988481738e+00 2.717055780972787993e-01 1.370886793716497363e-12 6.123526374496143787e-02 1.409994054647069617e-01 6.943915767887465229e-02 3.747816848615599060e+10 4.914206551384400940e+10 2.432942539301037321e+00
5.011872336272837830e+10 3.152233949385869760e+00 -1.148111391762175471e+00 -2.297074581604020338e+00 2.732770115127965416e-01 1.104028920339918154e-12 5.533252004296804194e-02 1.274078358087324669e-01 6.272897664703869225e-02 3.716107523191712952e+10 4.945915876808287048e+10 2.516772341068820307e+00
5.623413251903628540e+10 3.109835064377771463e+00 -1.134569690822661236e+00 -2.291442919009413437e+00 2.748542585561900564e-01 8.890893642551930844e-13 4.999716913079225306e-02 1.151227363324643233e-01 5.666571234350879782e-02 3.683959159971673584e+10 4.978064240028326416e+10 2.603513790668629202e+00
6.309573444802097321e+10 3.067669823533025308e+00 -1.120918258265454881e+00 -2.285702218096811400e+00 2.764365428109769041e-01 7.160491881600377220e-13 4.517964942786674432e-02 1.040299872793029462e-01 5.118689425321464037e-02 3.651364970814474487e+10 5.010658429185525513e+10 2.693273182647218267e+00
7.079457843841575623e+10 3.025740700737361788e+00 -1.107155921257437559e+00 -2.279843518357063559e+00 2.780229735210253961e-01 5.767341394373312840e-13 4.082965027250835821e-02 9.401374406963802777e-02 4.623580096949113372e-02 3.618316191237392426e+10 5.043707208762607574e+10 2.786167389906825331e+00
7.943282347243049622e+10 2.984049434254882893e+00 -1.093281248643596326e+00 -2.273927249108713688e+00 2.796126129771288049e-01 4.645206215425988838e-13 3.689818453029695272e-02 8.496120965800527114e-02 4.176142712630007137e-02 3.584805260868403625e+10 5.077218139131596375e+10 2.882315758437018260e+00
8.912509381337731934e+10 2.942597177923889085e+00 -1.079292585239548075e+00 -2.267980130785080206e+00 2.812044666762917311e-01 3.741219473914449832e-13 3.334365365890595151e-02 7.677659986095321243e-02 3.771798188832612558e-02 3.550826684783283234e+10 5.111196715216716766e+10 2.981836666467928332e+00
1.000000000000032654e+11 2.901385097960091031e+00 -1.065188242954546505e+00 -2.261949865109329938e+00 2.827974554395244478e-01 3.013210440961878789e-13 3.013210440961977196e-02 6.938173443413064856e-02 3.406402353094904745e-02 3.516374447011550903e+10 5.145648952988449097e+10 3.084854502463144410e+00
1.122018454302001953e+11 2.860415675103851196e+00 -1.050966955216191767e+00 -2.255781053197719821e+00 2.843903586963071328e-01 2.427077776225712962e-13 2.723226054951514638e-02 6.270459718984341957e-02 3.076186524034971170e-02 3.481440084598873138e+10 5.180583315401126862e+10 3.191506830389962079e+00
1.258925411794212494e+11 2.819691109141617247e+00 -1.036627343185158256e+00 -2.249541951398497108e+00 2.859818694331396904e-01 1.954938154176639931e-13 2.461121320779044094e-02 5.666941265275644152e-02 2.777751499428472715e-02 3.446015514879727173e+10 5.216007885120272827e+10 3.301937661264010337e+00
1.412537544622807312e+11 2.779212740388652403e+00 -1.022167700687004244e+00 -2.243257126715060945e+00 2.875706108269459049e-01 1.574566262454974836e-13 2.224133962214060872e-02 5.121257706215879418e-02 2.508046525141185631e-02 3.410094952000428772e+10 5.251928447999571228e+10 3.416290582916531093e+00
1.584893192461175842e+11 2.738981590435991098e+00 -1.007586168986352781e+00 -2.236914194623691454e+00 2.891551086396240700e-01 1.268155024915307465e-13 2.009890265973703766e-02 4.627943364984888480e-02 2.264316498361167510e-02 3.373673040200481033e+10 5.288350359799519348e+10 3.534714078700813555e+00
1.778279410038995667e+11 2.698999767918353054e+00 -9.928812480478509395e-01 -2.230424996162771567e+00 2.907337282818326929e-01 1.021443791334108764e-13 1.816412462641613795e-02 4.182444259207183934e-02 2.044056807756366653e-02 3.336742164090370178e+10 5.325281235909629822e+10 3.657370965495751580e+00
1.995262314968964539e+11 2.659269744816384229e+00 -9.780515530788775891e-01 -2.223835583916557557e+00 2.923046951303063246e-01 8.227305456833284976e-14 1.641563253175797391e-02 3.779839075969401718e-02 1.844999724376952810e-02 3.299293851653588486e+10 5.362729548346411133e+10 3.784436578093566705e+00
2.238721138568438416e+11 2.619792992120419939e+00 -9.630953040104393015e-01 -2.217187117129132190e+00 2.938661403775914005e-01 6.626368983675760949e-14 1.483459231570918510e-02 3.415791112679598951e-02 1.665108969660728661e-02 3.261321916069041443e+10 5.400701483930958557e+10 3.916088037171403524e+00
2.511886431509695129e+11 2.580570539387305296e+00 -9.480105137832409712e-01 -2.210498631092612243e+00 2.954160702412285677e-01 5.336482704988446616e-14 1.340463849864663437e-02 3.086532078395782738e-02 1.502550889883844804e-02 3.222821861526462173e+10 5.439201538473538208e+10 4.052505410242898343e+00
2.818382931264587402e+11 2.541604055992872979e+00 -9.327953998142287650e-01 -2.203671108677733859e+00 2.969523137623935050e-01 4.297810754094339579e-14 1.211287647114487123e-02 2.789092879573650333e-02 1.355660265934609601e-02 3.183787486992353058e+10 5.478235913007646942e+10 4.193883648545048359e+00
3.162277660168534546e+11 2.502896176419093788e+00 -9.174485319325580424e-01 -2.196709259172535234e+00 2.984725004532038928e-01 3.461347380315970630e-14 1.094574149485607467e-02 2.520350119782196335e-02 1.222924190950713981e-02 3.144210540379622650e+10 5.517812859620377350e+10 4.340437310314837482e+00
3.548133892335934448e+11 2.464448670861195012e+00 -9.019681195417337261e-01 -2.189677820547080600e+00 2.999741223487631947e-01 2.787466263238284621e-14 9.890303522338756911e-03 2.277326545572372699e-02 1.102982274316850232e-02 3.104084774429993057e+10 5.557938625570007324e+10 4.492386936051795843e+00
3.981071705535180664e+11 2.426262758752934179e+00 -8.863521141180381591e-01 -2.182608901525153300e+00 3.014545102894861106e-01 2.244500942768474604e-14 8.935519196302612460e-03 2.057479329956853412e-02 9.946121274286200131e-03 3.063406693816302490e+10 5.598616706183697510e+10 4.649954998593211819e+00
4.466835921509872437e+11 2.388339790900169568e+00 -8.705984764046729163e-01 -2.175425950082105153e+00 3.029107953979302548e-01 1.807226210709578052e-14 8.072582956291712505e-03 1.858780917711510411e-02 8.967056212369112905e-03 3.022172088519638824e+10 5.639851311480361176e+10 4.813378745482801868e+00
5.011872336273001709e+11 2.350682389715974985e+00 -8.547056646069035590e-01 -2.168077949094616930e+00 3.043398540314637968e-01 1.455156039233169304e-14 7.293056297993312335e-03 1.679288271412574321e-02 8.082538915088095799e-03 2.980373969005710983e+10 5.681649430994288635e+10 4.982921727226218955e+00
5.623413251903812256e+11 2.313292720070435848e+00 -8.386719295309745803e-01 -2.160648092319870539e+00 3.057383627941098747e-01 1.171553483496184556e-14 6.588129384406518629e-03 1.516972851125049024e-02 7.283473634453693085e-03 2.938006609840922928e+10 5.724016790159077454e+10 5.158860874299179500e+00
6.309573444802304688e+11 2.276172176663076918e+00 -8.224951622003439100e-01 -2.153165865205563634e+00 3.071027961073128920e-01 9.430836776722565166e-15 5.950455728867366095e-03 1.370143065781101802e-02 6.561694655227158848e-03 2.895067650997854614e+10 5.766955749002145386e+10 5.341476569716680167e+00
7.079457843841807861e+11 2.239321906604358592e+00 -8.061730997720082392e-01 -2.145601440589071984e+00 3.084293913425496525e-01 7.590744376207839095e-15 5.373835481474267990e-03 1.237371347184513040e-02 5.909816051985757740e-03 2.851555309515347290e+10 5.810468090484652710e+10 5.531063938520126122e+00
7.943282347243309326e+11 2.202744235854940058e+00 -7.897039629663356042e-01 -2.137856348608724755e+00 3.097140836925286189e-01 6.109542515023352467e-15 4.852982120931748598e-03 1.117440428822407197e-02 5.321113107984030283e-03 2.807465151710518646e+10 5.854558248289481354e+10 5.727949360341403562e+00
8.912509381338023682e+11 2.166441653038026161e+00 -7.730860303964554037e-01 -2.129999346001834049e+00 3.109525311506834977e-01 4.916791336086523097e-15 4.382094890895265119e-03 1.009014637186080726e-02 4.789499341481910470e-03 2.762792658580045319e+10 5.899230741419954681e+10 5.932484707320134554e+00
1.000000000000065430e+12 2.130415678682789693e+00 -7.563171149923771930e-01 -2.122073728286852923e+00 3.121401377217007389e-01 3.956177469087881932e-15 3.956177469088140684e-03 9.109435265561264747e-03 4.309509800546360535e-03 2.717536939366569901e+10 5.944486460633430481e+10 6.145030494951392974e+00
1.122018454302038818e+12 2.094667424999254290e+00 -7.393947937553972949e-01 -2.114093870506258632e+00 3.132720150057628494e-01 3.182565930276915329e-15 3.570897705803634681e-03 8.222295825990088083e-03 3.876216523257578362e-03 2.671699432068936539e+10 5.990323967931063843e+10 6.365961246839616727e+00
1.258925411794253662e+12 2.059198798742477354e+00 -7.223169744982871343e-01 -2.105936557649188412e+00 3.143429274207982238e-01 2.560000987457547061e-15 3.222850297328688340e-03 7.420887051580466603e-03 3.485136951318316013e-03 2.625279654716984177e+10 6.036743745283015442e+10 6.595687190104386310e+00
1.412537544622853760e+12 2.024012499531902431e+00 -7.050819270642043612e-01 -2.097625881750381005e+00 3.153472818349880580e-01 2.058940633647872854e-15 2.908330947177188881e-03 6.696679484463449045e-03 3.132197787917219509e-03 2.578275518508484650e+10 6.083747881491515350e+10 6.834660403815056462e+00
1.584893192461227539e+12 1.989110278397913323e+00 -6.876874424766016292e-01 -2.089234104662289759e+00 3.162791639451319470e-01 1.655561978770110495e-15 2.623888909850387308e-03 6.041727489493899615e-03 2.813737613568287072e-03 2.530688508596197510e+10 6.131334891403802490e+10 7.083351626665457701e+00
1.778279410039053711e+12 1.954493351926650302e+00 -6.701310048261314156e-01 -2.080799461464372335e+00 3.171323038685937012e-01 1.330818578046771778e-15 2.366567275838025574e-03 5.449222530912165886e-03 2.526463863058136736e-03 2.482524176105580902e+10 6.179499223894419098e+10 7.342246649513883838e+00
1.995262314969029785e+12 1.920163193358263243e+00 -6.524101789684508823e-01 -2.072211526080721011e+00 3.179000367941202110e-01 1.069566158731907322e-15 2.134065049883958169e-03 4.913866371342397177e-03 2.267386640501773722e-03 2.433787444558143234e+10 6.228235955441856384e+10 7.611871921784922002e+00
2.238721138568511719e+12 1.886122477510301376e+00 -6.345231224581410201e-01 -2.063426779210161044e+00 3.185752716465062861e-01 8.594525416974933083e-16 1.924074572694613530e-03 4.430345428895505512e-03 2.033781345495826957e-03 2.384480543672238922e+10 6.277542856327761078e+10 7.892814818478875338e+00
2.511886431509777344e+12 1.852373240207436655e+00 -6.164676495081505836e-01 -2.054546983273292771e+00 3.191505210458792652e-01 6.904044976768725899e-16 1.734217689967859893e-03 3.993183800926563762e-03 1.823193114750275984e-03 2.334608713244987106e+10 6.327414686755012512e+10 8.185699094429041978e+00
2.818382931264679688e+12 1.818916801705058761e+00 -5.982411600100473459e-01 -2.045612099221642222e+00 3.196178798646389652e-01 5.544011130634578967e-16 1.562514634132189557e-03 3.597822904137825458e-03 1.633417947123667110e-03 2.284182546067969131e+10 6.377840853932031250e+10 8.491170451353452719e+00
3.162277660168638184e+12 1.785754310695199853e+00 -5.798409089910642189e-01 -2.036563700186464931e+00 3.199689951393136500e-01 4.450399570634710361e-16 1.407339914104224462e-03 3.240519906991908092e-03 1.462459376845424595e-03 2.233213880138100815e+10 6.428809519861898804e+10 8.809921990484543386e+00
3.548133892336050781e+12 1.752888174410413669e+00 -5.612648129234271144e-01 -2.027290235524106699e+00 3.201950422339379099e-01 3.571626042552907462e-16 1.267260741233205328e-03 2.917975691700163462e-03 1.308496986878123413e-03 2.181711899743235016e+10 6.480311500256764984e+10 9.142727119593962115e+00
3.981071705535311035e+12 1.720320750948635569e+00 -5.425107565492198747e-01 -2.017892817560164254e+00 3.202867399667779225e-01 2.865272611218057580e-16 1.140685572116548587e-03 2.626525594148949438e-03 1.169884454731896176e-03 2.129687511804573441e+10 6.532335888195426941e+10 9.490425331791662700e+00
4.466835921510018555e+12 1.688053446311698069e+00 -5.235760581794489665e-01 -2.008419849532940837e+00 3.202343403746396033e-01 2.297543953047341905e-16 1.026275186071999492e-03 2.363085944759076538e-03 1.045144166259196102e-03 2.077157752028583527e+10 6.584865647971416473e+10 9.853895063908961305e+00
5.011872336273166016e+12 1.656087270111971321e+00 -5.044577539174842640e-01 -1.998874594948387262e+00 3.200276072200396449e-01 1.841382574640005185e-16 9.228774386333699759e-04 2.125003832857724935e-03 9.329419218187764333e-04 2.024143339258485413e+10 6.637880060741514587e+10 1.023407190010734702e+01
5.623413251903997070e+12 1.624424180516788496e+00 -4.851534025335373368e-01 -1.989100705423748394e+00 3.196558218484570335e-01 1.475226191396455190e-16 8.295806514254688065e-04 1.910180041408574307e-03 8.320623249621193372e-04 1.970663390051601791e+10 6.691360009948397827e+10 1.063199378349123769e+01
6.309573444802510742e+12 1.593066748919154785e+00 -4.656609314431389701e-01 -1.979151588864257683e+00 3.191078040814508410e-01 1.181317900336514078e-16 7.453612053833128361e-04 1.716257600411689446e-03 7.414013839166131662e-04 1.916736927205657959e+10 6.745286472794342041e+10 1.104881077729391592e+01
7.079457843842039062e+12 1.562016517729603704e+00 -4.459776260924424029e-01 -1.969111650807698233e+00 3.183718966705937348e-01 9.453975191518590494e-17 6.692901882508433100e-04 1.541097610353570589e-03 6.599675036474820285e-04 1.862389454841303635e+10 6.799633945158695984e+10 1.148574445361384910e+01
7.943282347243568359e+12 1.531274498949378948e+00 -4.261003944967924895e-01 -1.959026653251622507e+00 3.174359645449381095e-01 7.560731954944162489e-17 6.005702866994831962e-04 1.382864189449390345e-03 5.868684586524083088e-04 1.807652914165222931e+10 6.854370485834777069e+10 1.194409027078148355e+01
8.912509381338316406e+12 1.500842122878402130e+00 -4.060263658258485564e-01 -1.948736045647893711e+00 3.162874343458529913e-01 6.043128292622310623e-17 5.385943760062734129e-04 1.240159381362475246e-03 5.212928693821120051e-04 1.752559382101632309e+10 6.909464017898367310e+10 1.242527678596984408e+01
1.000000000000098242e+13 1.470721954868998260e+00 -3.857534059890843636e-01 -1.938211764774985246e+00 3.149133723925847117e-01 4.827220242460067842e-17 4.827220242460542108e-04 1.111508537088874878e-03 4.625011714208284688e-04 1.697139338372538567e+10 6.964884061627461243e+10 1.293090896725312788e+01
1.122018454302075391e+13 1.440915742327988580e+00 -3.652788436409445949e-01 -1.927580888118048508e+00 3.133004572362337870e-01 3.852952686528037656e-17 4.323084017837217530e-04 9.954268815232784114e-04 4.098277859555248697e-04 1.641429441670877075e+10 7.020593958329122925e+10 1.346272165431371093e+01
1.258925411794294922e+13 1.411424532778888352e+00 -3.445995013088935521e-01 -1.916902013765862112e+00 3.114350042329425694e-01 3.072580533969246610e-17 3.868149713998368438e-04 8.906743868921825069e-04 3.626752542451385257e-04 1.585474942914118385e+10 7.076548457085881042e+10 1.402256166787017655e+01
1.412537544622899805e+13 1.382249286232082985e+00 -3.237120898545696179e-01 -1.906068306398770673e+00 3.093030405603008903e-01 2.448175212899602409e-17 3.458139404035849096e-04 7.962660241228260334e-04 3.205017439697635073e-04 1.529323736067269516e+10 7.132699663932730103e+10 1.461245547977671499e+01
1.584893192461279492e+13 1.353392290869444903e+00 -3.026142486784741403e-01 -1.894951996743750033e+00 3.068904984937457225e-01 1.949093571243555371e-17 3.089105132533954815e-04 7.112927428864080758e-04 2.828127747945328009e-04 1.473021769051547813e+10 7.189001630948452759e+10 1.523469131718557001e+01
1.778279410039111719e+13 1.324855553350516191e+00 -2.813034371562395108e-01 -1.883702855497458195e+00 3.041832173809406181e-01 1.550183697118442169e-17 2.756659750364032582e-04 6.347443647644909846e-04 2.491618471032604437e-04 1.416619872537877274e+10 7.245403527462123108e+10 1.589179007032825375e+01
1.995262314969094922e+13 1.296640127502502571e+00 -2.597764015310684571e-01 -1.872380765215477805e+00 3.011669648369726393e-01 1.231509906646944815e-17 2.457185307243757097e-04 5.657878259183469474e-04 2.191485423361896119e-04 1.360178673492321968e+10 7.301844726507678223e+10 1.658646377580067011e+01
2.238721138568585156e+13 1.268746676321800493e+00 -2.380295441566871728e-01 -1.860966544684011348e+00 2.978275773337788479e-01 9.771685733607618876e-18 2.187607941127644778e-04 5.037153434555910730e-04 1.924109631018412617e-04 1.303764340628858757e+10 7.358259059371141052e+10 1.732168203365002057e+01
2.511886431509859375e+13 1.241176980814953312e+00 -2.160601075088580403e-01 -1.849254104922463116e+00 2.941512913422800746e-01 7.744944249182587440e-18 1.945442037232205572e-04 4.479545834214844371e-04 1.686192149299144756e-04 1.247442109947747803e+10 7.414581290052252197e+10 1.810079482778337123e+01
2.818382931264771875e+13 1.213933241042656208e+00 -1.938657002213436953e-01 -1.837346193588822230e+00 2.901248848410770131e-01 6.130607343664635635e-18 1.727839909567087287e-04 3.978498418849355498e-04 1.474741042972540789e-04 1.191279503857648849e+10 7.470743896142350769e+10 1.892756491322188239e+01
3.162277660168741406e+13 1.187016538374387364e+00 -1.714430484490764850e-01 -1.825346502376724800e+00 2.857356490072157085e-01 4.845541368717311232e-18 1.532294722171821926e-04 3.528238985346290185e-04 1.287072607867650528e-04 1.135353995460534286e+10 7.526669404539465332e+10 1.980610076187258883e+01
3.548133892336166406e+13 1.160427402170847611e+00 -1.487883874044686194e-01 -1.813309359147859734e+00 2.809716346590024894e-01 3.823561654996825605e-18 1.356650869753119992e-04 3.123804069090941075e-04 1.120771531506720533e-04 1.079751629426394081e+10 7.582271770573605347e+10 2.074090185017320564e+01
3.981071705535441406e+13 1.134166967163755313e+00 -1.258984318250133405e-01 -1.800994204109602759e+00 2.758220935628957760e-01 3.012440205247458474e-18 1.199274046572803459e-04 2.761430542053184179e-04 9.736406662281179842e-05 1.024558809205573082e+10 7.637464590794427490e+10 2.173704135944444005e+01
4.466835921510164844e+13 1.108237422205813116e+00 -1.027708453395639321e-01 -1.788403072071464983e+00 2.702779108796644625e-01 2.369391461635832761e-18 1.058368289295441133e-04 2.436983045829292551e-04 8.436803265310565878e-05 9.698611681880962372e+09 7.692162231811903381e+10 2.280030689206547834e+01
5.011872336273329688e+13 1.082639942934437105e+00 -7.940245007647336872e-02 -1.775702911478434620e+00 2.643315175693238817e-01 1.859961129839053474e-18 9.321887733184038331e-05 2.146443973299362595e-04 7.290946510528406902e-05 9.157529017371934891e+09 7.746270498262806702e+10 2.393712729379211268e+01
5.623413251904180469e+13 1.057374983992201756e+00 -5.578940650285410530e-02 -1.762982573142876319e+00 2.579772182135499081e-01 1.456885012493919246e-18 8.192666485758893374e-05 1.886431172198034468e-04 6.282727724154062447e-05 8.623381886779855728e+09 7.799685211322013855e+10 2.515459061395220886e+01
6.309573444802717188e+13 1.032443029106640431e+00 -3.192786671002265791e-02 -1.750051178428988496e+00 2.512117012771398206e-01 1.138676082034705299e-18 7.184560369438177090e-05 1.654306160638414273e-04 5.397543390944953989e-05 8.097228179947827339e+09 7.852300582005216980e+10 2.646069737530801191e+01
7.079457843842270312e+13 1.007845962308424603e+00 -7.815342801535427736e-03 -1.736762800624278791e+00 2.440348507181937521e-01 8.879834281895262794e-19 6.286441245898291563e-05 1.447506590078832247e-04 4.622090203265645611e-05 7.580089977350713730e+09 7.904014402264929199e+10 2.786466723979273397e+01
7.943282347243828125e+13 9.835851267666726461e-01 1.655108997578389265e-02 -1.723342453197805879e+00 2.364496841936221672e-01 6.906869610843591968e-19 5.486321545452874982e-05 1.263272220593184686e-04 3.944395500597644156e-05 7.073037732032008171e+09 7.954719626796798706e+10 2.937693721595581309e+01
8.912509381338607812e+13 9.596608882320812883e-01 4.117529834961899254e-02 -1.709877941838690241e+00 2.284625850553650139e-01 5.356905553868734311e-19 4.774347100379998821e-05 1.099334046211433323e-04 3.353743933896492161e-05 6.577228908789868355e+09 8.004300509121012878e+10 3.100916224132719989e+01
1.000000000000130938e+14 9.360732236760955782e-01 6.606157514120590546e-02 -1.696301225876683194e+00 2.200838587897837872e-01 4.142223721568195208e-19 4.142223721568737783e-05 9.537822593130494914e-05 2.840464857515373863e-05 6.093837718959468842e+09 8.052639628104052734e+10 3.277455923404169624e+01
1.122018454302112188e+14 9.128234339547541820e-01 9.121280815780968831e-02 -1.682327925481976072e+00 2.113287981882902289e-01 3.193258872133951365e-19 3.582895383898242436e-05 8.249921500721272834e-05 2.395771255169081601e-05 5.623978049872350693e+09 8.099625595012765503e+10 3.468844911173831491e+01
1.258925411794336094e+14 8.899130211061362372e-01 1.166315501259794635e-01 -1.668149751275855186e+00 2.022177955208764588e-01 2.453256001767013840e-19 3.088466322261464257e-05 7.111456513853392177e-05 2.011736804804716534e-05 5.168744112609517097e+09 8.145148988739048767e+10 3.676853104420285945e+01
1.412537544622946250e+14 8.673422470479860147e-01 1.423216314807371208e-01 -1.653903183003708310e+00 1.927761423877639990e-01 1.877576690388867662e-19 2.652147568083168807e-05 6.106795454688716080e-05 1.681280505591165183e-05 4.729272333178494453e+09 8.189096166682150269e+10 3.903491825377610525e+01
1.584893192461331250e+14 8.451107685794345681e-01 1.682875731398691954e-01 -1.639647233545547866e+00 1.830345352952892357e-01 1.431043012161867163e-19 2.268050328094701416e-05 5.222378875631114478e-05 1.398051147333170723e-05 4.306697568540441513e+09 8.231353643145956421e+10 4.151059705034171543e+01
1.778279410039170000e+14 8.232190934963600215e-01 1.945329004937186856e-01 -1.625008316981302547e+00 1.730299771640527451e-01 1.086149293228817032e-19 1.931476924377402088e-05 4.447389973533393844e-05 1.156306926104059032e-05 3.902057199870675564e+09 8.271817680012931824e+10 4.422239821383428193e+01
1.995262314969160312e+14 8.016686824809797773e-01 2.210598705842579670e-01 -1.610047142687462962e+00 1.628060872020575811e-01 8.206137917062491069e-20 1.637339773735431003e-05 3.770114155169447577e-05 9.508693228864888942e-06 3.516280481988415241e+09 8.310395351801158142e+10 4.720192616570028576e+01
2.238721138568658125e+14 7.804597502827455013e-01 2.478721095008488140e-01 -1.595000066968284891e+00 1.524121290664941508e-01 6.168277954364143470e-20 1.380905424500204939e-05 3.179652245288786937e-05 7.771251628750338106e-06 3.150262447194249630e+09 8.346997155280575562e+10 5.048585041701458209e+01
2.511886431509941875e+14 7.595917270529046750e-01 2.749741912922246678e-01 -1.580005107882845872e+00 1.419030395442311687e-01 4.610484671944368881e-20 1.158101389014162554e-05 2.666626994519709069e-05 6.309681818798219949e-06 2.804846975687813759e+09 8.381538702431217957e+10 5.411664281842043778e+01
2.818382931264864375e+14 7.390642267700628931e-01 3.023704514314480285e-01 -1.564714161749149124e+00 1.313395991028031562e-01 3.426116988301574248e-20 9.656109640345739365e-06 2.223401411417619833e-05 5.087174717313892466e-06 2.480730456869769573e+09 8.413950354313023376e+10 5.814438511277010235e+01
3.162277660168845000e+14 7.188783640069196235e-01 3.300631094155481726e-01 -1.548964981987895229e+00 1.207886395369442423e-01 2.530300407561088605e-20 8.001512452346553605e-06 1.842416329417940557e-05 4.070720282105007027e-06 2.178414742206314087e+09 8.444181925779368591e+10 6.262911089132373377e+01
3.548133892336283125e+14 6.990343955886273442e-01 3.580553311082612100e-01 -1.533108223662532632e+00 1.103210803999259276e-01 1.855772276226531690e-20 6.584528509737407605e-06 1.516143719091565599e-05 3.231080269977633749e-06 1.898271919341060162e+09 8.472196208065893555e+10 6.764215224084189515e+01
3.981071705535571875e+14 6.795315262913236287e-01 3.863516501591587327e-01 -1.517295559193945875e+00 1.000107665741658547e-01 1.350732802007022568e-20 5.377364139808939338e-06 1.238183850792481408e-05 2.542498377506624962e-06 1.640552429090996504e+09 8.497968157090899658e+10 7.326779222882488796e+01
4.466835921510310625e+14 6.603685979904405645e-01 4.149571180508909718e-01 -1.501345099298893260e+00 8.993353736455508840e-02 9.751948886758705776e-21 4.356035559210626831e-06 1.003014254319037125e-05 1.982198851228747616e-06 1.405312459200493097e+09 8.521492154079949951e+10 7.960693929890153697e+01
5.011872336273493750e+14 6.415460449447383251e-01 4.438743205034788031e-01 -1.484841504603550355e+00 8.016669390433722731e-02 6.981040234331240301e-21 3.498808242885697357e-06 8.056303703313296989e-06 1.530037695066157731e-06 1.192362042517881155e+09 8.542787195748211670e+10 8.678259315400210028e+01
5.623413251904365000e+14 6.230642328585459522e-01 4.731056630077026259e-01 -1.468149948063054433e+00 7.078626103181555329e-02 4.950320655504305521e-21 2.783769877533881296e-06 6.409867022335376178e-06 1.168383426924942532e-06 1.001305800468884110e+09 8.561892819953111267e+10 9.494487724316321930e+01
6.309573444802923750e+14 6.049221439241552201e-01 5.026555169609409068e-01 -1.451470540026175815e+00 6.186426537156135969e-02 3.473980963904803404e-21 2.191933803760461143e-06 5.047114101368574253e-06 8.819588988323449364e-07 8.315796298108072281e+08 8.578865437018919373e+10 1.042758850113925035e+02
7.079457843842502500e+14 5.871180981897641260e-01 5.325292899695360793e-01 -1.434846450553830088e+00 5.346696918460287773e-02 2.410519334016681324e-21 1.706517000693839978e-06 3.929400606738545704e-06 6.575460311296678904e-07 6.824217221761572361e+08 8.593781227782383728e+10 1.149982627822041650e+02
7.943282347244088750e+14 5.696516021603075242e-01 5.627303293074155111e-01 -1.417663286020427238e+00 4.565349437463626925e-02 1.652878884797943845e-21 1.312928366774800247e-06 3.023129285504674240e-06 4.837327838235881753e-07 5.528427335912562609e+08 8.606739126640873718e+10 1.273888722156236781e+02
8.912509381338898750e+14 5.525230142670092270e-01 5.932601916758483140e-01 -1.400115857926770513e+00 3.847330828795406804e-02 1.118706518135233637e-21 9.970482337845245564e-07 2.295788400108288886e-06 3.507598416832646900e-07 4.416557207399565578e+08 8.617857827926004028e+10 1.417958035901058338e+02
