# [1] k:    [h/Mpc] 
# [2] P:    [Mpc^3/h^3] 
# [3] T:    [Mpc^3/h^3] 
# [4] Delta_k 
3.059023205018257859e-07 1.564602197657946059e+00 3.548843349080273038e+04 2.268937375782720435e-21
3.215862678579245412e-07 1.641969231581952737e+00 3.548842759253141412e+04 2.766481436116986694e-21
3.380743483904743061e-07 1.723161939500527762e+00 3.548842169426914188e+04 3.373129473766620552e-21
3.554077908890640533e-07 1.808369494769271890e+00 3.548841579600381374e+04 4.112806360544538490e-21
3.736299379885273404e-07 1.897790425060087660e+00 3.548840989773946785e+04 5.014683335130756445e-21
3.927863545481053003e-07 1.991633074914965995e+00 3.548840399947610422e+04 6.114328452922504499e-21
4.129249415873286729e-07 2.090116091174161195e+00 3.548839810120967741e+04 7.455109312347916932e-21
4.340960560635169786e-07 2.193468932409985861e+00 3.548839220294827828e+04 9.089903378105766239e-21
4.563526367904018199e-07 2.301932403546524064e+00 3.548838630468785414e+04 1.108318335271698326e-20
4.797503368127355169e-07 2.415759216920174257e+00 3.548838040642840497e+04 1.351355983891004973e-20
5.043476625678916271e-07 2.535214581081344232e+00 3.548837450816994533e+04 1.647688156986369981e-20
5.302061201824328858e-07 2.660576818711911873e+00 3.548836860991246067e+04 2.009001547361389117e-20
5.573903692694645323e-07 2.792138015097694215e+00 3.548836271165595099e+04 2.449545564909890425e-20
5.859683846113473662e-07 2.930204698666829977e+00 3.548835681340043084e+04 2.986694302177336428e-20
6.160116261320592563e-07 3.075098555179676563e+00 3.548835091514588566e+04 3.641631730572325067e-20
6.475952175842278093e-07 3.227157177233499485e+00 3.548834501688829187e+04 4.440187149866728038e-20
6.807981343976415384e-07 3.386734850832622712e+00 3.548833911863571120e+04 5.413853839291952159e-20
7.157034011589609116e-07 3.554203380845046389e+00 3.548833322038006736e+04 6.601031083586033805e-20
7.523982992164306405e-07 3.729952957288775295e+00 3.548832732213348208e+04 8.048538556812528112e-20
7.909745849287134463e-07 3.914393064438167702e+00 3.548832142388182547e+04 9.813462787889718866e-20
8.315287191035797356e-07 4.107953434903627965e+00 3.548831552563316654e+04 1.196540852845811160e-19
8.741621082001717898e-07 4.311085050872024205e+00 3.548830962738548260e+04 1.458924381203930854e-19
9.189813578979717484e-07 4.524261194866308955e+00 3.548830372913878091e+04 1.778844696367045566e-19
9.660985396665287929e-07 4.747978552460422108e+00 3.548829783089306147e+04 2.168918755872661109e-19
1.015631471002508262e-06 4.982758369521535613e+00 3.548829193264630158e+04 2.644530227502829090e-19
1.067704010034801725e-06 5.229147666678868767e+00 3.548828603440254665e+04 3.224436187497082903e-19
1.122446365234364056e-06 5.487720513840357306e+00 3.548828013615976670e+04 3.931506858614495267e-19
1.179995421003214005e-06 5.759079367737751198e+00 3.548827423791796900e+04 4.793627561701150628e-19
1.240495079956737545e-06 6.043856475607631396e+00 3.548826833967513085e+04 5.844798451756136148e-19
1.304096622755184042e-06 6.342715348286171562e+00 3.548826244143529038e+04 7.126475409685688672e-19
1.370959086384113674e-06 6.656352306138406227e+00 3.548825654319441674e+04 8.689204971574272249e-19
1.441249661829700436e-06 6.985498101441052654e+00 3.548825064495451807e+04 1.059461777352291087e-18
1.515144112143284134e-06 7.330919620983324947e+00 3.548824474671963981e+04 1.291785912914636400e-18
1.592827211940548929e-06 7.693421672854733551e+00 3.548823884848372109e+04 1.575055259638340950e-18
1.674493209434307728e-06 8.073848861599127957e+00 3.548823295024878462e+04 1.920441341024546041e-18
1.760346312156213177e-06 8.473087556079544669e+00 3.548822705201281497e+04 2.341565428734565645e-18
1.850601197581954108e-06 8.892067954660554108e+00 3.548822115377983573e+04 2.855035735754613514e-18
1.945483549936765273e-06 9.331766252500038661e+00 3.548821525554783875e+04 3.481102407990791780e-18
2.045230624523543909e-06 9.793206916019670416e+00 3.548820935731682403e+04 4.244456145735901525e-18
2.150091840984688092e-06 1.027746506983942432e+01 3.548820345908678428e+04 5.175201950888042814e-18
2.260329406981118614e-06 1.078566900174187282e+01 3.548819756085571862e+04 6.310046402382881023e-18
2.376218973848010330e-06 1.131900279150900523e+01 3.548819166262764338e+04 7.693745283388852891e-18
2.498050325866710336e-06 1.187870906973850893e+01 3.548818576440054312e+04 9.380868651507019876e-18
2.626128104876382668e-06 1.246609191309126885e+01 3.548817986617443239e+04 1.143795296249583632e-17
2.760772572037287162e-06 1.308251988269803512e+01 3.548817396794929664e+04 1.394612512256549007e-17
2.902320408650496801e-06 1.372942921281079620e+01 3.548816806972413178e+04 1.700430195612566448e-17
3.051125558036519890e-06 1.440832715713003509e+01 3.548816217149894510e+04 2.073309126900276355e-17
3.207560110577962700e-06 1.512079550060282784e+01 3.548815627327674883e+04 2.527954835652558737e-17
3.372015234139298021e-06 1.586849424486504567e+01 3.548815037505553482e+04 3.082297554274270754e-17
3.544902152190277809e-06 1.665316547593518237e+01 3.548814447683530307e+04 3.758199347193917462e-17
3.726653172078803499e-06 1.747663742315094026e+01 3.548813857861504221e+04 4.582316302870214868e-17
3.917722766024474580e-06 1.834082871882020882e+01 3.548813268039677496e+04 5.587149791622697303e-17
4.118588707535861475e-06 1.924775286849497746e+01 3.548812678217948269e+04 6.812328248592779253e-17
4.329753266093139866e-06 2.019952294230174772e+01 3.548812088396216132e+04 8.306170032555028844e-17
4.551744463083409039e-06 2.119835649825021306e+01 3.548811498574582220e+04 1.012758899631223342e-16
4.785117392129195949e-06 2.224658074898579585e+01 3.548810908753046533e+04 1.234841792019908707e-16
5.030455607111644826e-06 2.334663798403414603e+01 3.548810318931608344e+04 1.505624143983529050e-16
5.288372581359179674e-06 2.450109126016846517e+01 3.548809729110469925e+04 1.835785019260057648e-16
5.559513241650373021e-06 2.571263037314380995e+01 3.548809139289329323e+04 2.238345240680682284e-16
5.844555580866815540e-06 2.698407812474448164e+01 3.548808549468185083e+04 2.729180902945237868e-16
6.144212353328471540e-06 2.831839689971506147e+01 3.548807959647240205e+04 3.327649491075130973e-16
6.459232857050738118e-06 2.971869556790044697e+01 3.548807369826242211e+04 4.057353297284824233e-16
6.790404807379771878e-06 3.118823672771207356e+01 3.548806780005493056e+04 4.947070243768579149e-16
7.138556306691162195e-06 3.273044430773783375e+01 3.548806190184791922e+04 6.031888821009771442e-16
7.504557915077204533e-06 3.434891154426977522e+01 3.548805600364189013e+04 7.354591901106111883e-16
7.889324827200587103e-06 3.604740935328948126e+01 3.548805010543683602e+04 8.967344000674111972e-16
8.293819160757753291e-06 3.782989511644116476e+01 3.548804420723301882e+04 1.093374853529706026e-15
8.719052362274285227e-06 3.970052190145322157e+01 3.548803830902992195e+04 1.333135619912898125e-15
9.166087736248057605e-06 4.166364813849947524e+01 3.548803241082755994e+04 1.625472339466281893e-15
9.636043103964330830e-06 4.372384777503894782e+01 3.548802651262668223e+04 1.981914133044237050e-15
1.013009359863121538e-05 4.588592093278953143e+01 3.548802061442653212e+04 2.416518285417360650e-15
1.064947460382478790e-05 4.815490509168340338e+01 3.548801471622736426e+04 2.946424633839633152e-15
1.119548484259151579e-05 5.053608682684150466e+01 3.548800881802917138e+04 3.592531525743326813e-15
1.176948962493235138e-05 5.303501412592616759e+01 3.548800291983196075e+04 4.380320003855266733e-15
1.237292426178888029e-05 5.565750931556610226e+01 3.548799702163573238e+04 5.340858722792827148e-15
1.300729765406831334e-05 5.840967783636273225e+01 3.548798966812436993e+04 6.512028694752773034e-15
1.367419606568169201e-05 6.129793461293550649e+01 3.548798180386541935e+04 7.940018394357566946e-15
1.437528709002991615e-05 6.432901065362247550e+01 3.548797393960027694e+04 9.681144702803209448e-15
1.511232381985586521e-05 6.750996656846281496e+01 3.548796566696935042e+04 1.180407348504394142e-14
1.588714923088939049e-05 7.084820106317218347e+01 3.548795387056629988e+04 1.439252562036680651e-14
1.670170079024660794e-05 7.435150230620128298e+01 3.548794151251785661e+04 1.754858502351980028e-14
1.755801530110687162e-05 7.802802858346933590e+01 3.548792775006544980e+04 2.139671799631293028e-14
1.845823399578163895e-05 8.188634715375344797e+01 3.548791306849224929e+04 2.608868559404450635e-14
1.940460788991057802e-05 8.593544622710898295e+01 3.548789733996352152e+04 3.180952686215741997e-14
2.039950341117315543e-05 9.018475782150059672e+01 3.548788033486097993e+04 3.878485647542346086e-14
2.144540831659045798e-05 9.464418449390947785e+01 3.548786264028516598e+04 4.728976447483952231e-14
2.254493791321357228e-05 9.932409201019044076e+01 3.548784004351880139e+04 5.765964888031588897e-14
2.370084159775344190e-05 1.042354025691381452e+02 3.548781639979148167e+04 7.030347792492918736e-14
2.491600973150475266e-05 1.093895403654032918e+02 3.548778887489372573e+04 8.571987556657365058e-14
2.619348086775470484e-05 1.147985303452493753e+02 3.548776058416761225e+04 1.045168314126640339e-13
2.753644934974891994e-05 1.204749574198797006e+02 3.548772912708776857e+04 1.274356271168795464e-13
2.894827329821342076e-05 1.264320448978820792e+02 3.548769470849222125e+04 1.553801060427899197e-13
3.043248300840562692e-05 1.326836539528727883e+02 3.548765538719728647e+04 1.894522844923758854e-13
3.199278977769132648e-05 1.392443480874594002e+02 3.548761167446394393e+04 2.309958470900278326e-13
3.363309518572123809e-05 1.461294146017784783e+02 3.548756448885147256e+04 2.816491290776088079e-13
3.535750085041236633e-05 1.533548567539062901e+02 3.548751002665262058e+04 3.434096343207034373e-13
3.717031868412924126e-05 1.609375413521659368e+02 3.548745301078415650e+04 4.187130290708926639e-13
3.907608167571078754e-05 1.688950681686540634e+02 3.548738693093659822e+04 5.105288076758359849e-13
4.107955522530357004e-05 1.772460314856885475e+02 3.548731865548198402e+04 6.224779577358875168e-13
4.318574906034433776e-05 1.860097762538285906e+02 3.548723804677202133e+04 7.589748760683552915e-13
4.539992976248807967e-05 1.952067796093231209e+02 3.548715238324851816e+04 9.254025644352548175e-13
4.772763393680535859e-05 2.048583704961572494e+02 3.548705407979145821e+04 1.128323641803177786e-12
5.017468205617894183e-05 2.149870638752950924e+02 3.548694750434791058e+04 1.375740349158469695e-12
5.274719301551768723e-05 2.256164245415263849e+02 3.548683150652540644e+04 1.677409240645096374e-12
5.545159943218107865e-05 2.367711161604694610e+02 3.548670018959125446e+04 2.045225563815736609e-12
5.829466373087315435e-05 2.484771905227937907e+02 3.548656059914521757e+04 2.493694177275873594e-12
6.128349505322671351e-05 2.607616824395410049e+02 3.548639813164130464e+04 3.040497215477824180e-12
6.442556703436033705e-05 2.736534303758900819e+02 3.548623058384374599e+04 3.707199043980415693e-12
6.772873649085907528e-05 2.871819970170686815e+02 3.548603004434541799e+04 4.520082809663765569e-12
7.120126306690828879e-05 3.013792434376205165e+02 3.548582184720084479e+04 5.511206586069529616e-12
7.485182988770643921e-05 3.162777862882210798e+02 3.548558198697981425e+04 6.719643225169919049e-12
7.868956527180084881e-05 3.319124853943272910e+02 3.548532361731759011e+04 8.193043983983583599e-12
8.272406555663884206e-05 3.483194598625080403e+02 3.548503460531708697e+04 9.989496694514008434e-12
8.696541909440986997e-05 3.655368018041343703e+02 3.548471375569622614e+04 1.217982783009528250e-11
9.142423147818073699e-05 3.836046481498099183e+02 3.548436772931644373e+04 1.485039736957706844e-11
9.611165206140254191e-05 4.025644337700916822e+02 3.548397221978926245e+04 1.810646997565096335e-11
1.010394018371016720e-04 4.224608994689247652e+02 3.548355934721767699e+04 2.207644185493778262e-11
1.062198027464676133e-04 4.433388312751444005e+02 3.548307033328195394e+04 2.691674268155889623e-11
1.116658084901241013e-04 4.652481042599072794e+02 3.548256447251386999e+04 3.281825726660794814e-11
1.173910369191279803e-04 4.882376340750788586e+02 3.548196875287254807e+04 4.001348034926769339e-11
1.234098040866900780e-04 5.123622156619364887e+02 3.548134046106218011e+04 4.878612706788823852e-11
1.297371600457651012e-04 5.376763611324900012e+02 3.548063070903212792e+04 5.948183569992296321e-11
1.363889264820232711e-04 5.642390907004154315e+02 3.547985478152611176e+04 7.252216541676228674e-11
1.433817362763056455e-04 5.921115775634227703e+02 3.547900347723828600e+04 8.842097863891006502e-11
1.507330750954898936e-04 6.213570730590481617e+02 3.547804237863375602e+04 1.078045728388574896e-10
1.584613251157653230e-04 6.520448779839065310e+02 3.547702199622090120e+04 1.314369875299589921e-10
1.665858109876483387e-04 6.842419979075649508e+02 3.547583818925058586e+04 1.602485130520402106e-10
1.751268481576742783e-04 7.180274981623123267e+02 3.547461807961606246e+04 1.953752425620224984e-10
1.841057936675958640e-04 7.534710659867367895e+02 3.547315923814223061e+04 2.381986004817830582e-10
1.935450995581117185e-04 7.906617715268524762e+02 3.547164567388019350e+04 2.904073068448334911e-10
2.034683690106629794e-04 8.296775836745058541e+02 3.546990568412651919e+04 3.540546697701420715e-10
2.139004153676812446e-04 8.706124059266818449e+02 3.546803836611366569e+04 4.316482595318198130e-10
2.248673241788693637e-04 9.135560138850114527e+02 3.546596022951486520e+04 5.262407751780453261e-10
2.363965184286629729e-04 9.586057915471807291e+02 3.546365921165647887e+04 6.415544707906815580e-10
2.485168271079757005e-04 1.005867084507843970e+03 3.546118199836921849e+04 7.821287608779428510e-10
2.612585573016925852e-04 1.055437390519252176e+03 3.545835104995100119e+04 9.534859710591506149e-10
2.746535699721688829e-04 1.107442820695760702e+03 3.545539613182612084e+04 1.162377824911280124e-09
2.887353596282311993e-04 1.161976978504355884e+03 3.545192617280337436e+04 1.416992984785664315e-09
3.035391380788964293e-04 1.219188843689595160e+03 3.544834409823693568e+04 1.727369824653889380e-09
3.191019224812350285e-04 1.279174729363688130e+03 3.544416803160560812e+04 2.105660702864070852e-09
3.354626279025451924e-04 1.342095097954171706e+03 3.543976917976432742e+04 2.566764259283138697e-09
3.526621646282911485e-04 1.408066044233045886e+03 3.543481263952093286e+04 3.128743000861267296e-09
3.707435404591257876e-04 1.477244261919601740e+03 3.542943056910438463e+04 3.813672099454992172e-09
3.897519682527942697e-04 1.549778727456949582e+03 3.542356389377181040e+04 4.648415123894373910e-09
4.097349789798286580e-04 1.625811078319327862e+03 3.541700498014214827e+04 5.665646331621438777e-09
4.307425405757319271e-04 1.705537526703810499e+03 3.541007294988053764e+04 6.905336300938485332e-09
4.528271828868440083e-04 1.789069318336785045e+03 3.540211055840513291e+04 8.415790094321362062e-09
4.760441290223192071e-04 1.876668032669861759e+03 3.539392176936602482e+04 1.025650404210090196e-08
5.004514334406633081e-04 1.968398061846124847e+03 3.538431652555134497e+04 1.249881961494720200e-08
5.261101271161193775e-04 2.064574199120532285e+03 3.537439192337264103e+04 1.523108141318284559e-08
5.530843701478924991e-04 2.165286544492920711e+03 3.536313934419290308e+04 1.855922313406445330e-08
5.814416121938181326e-04 2.270819890668635708e+03 3.535117529172169452e+04 2.261368186295099334e-08
6.112527611296385451e-04 2.381337316220820412e+03 3.533803197425528924e+04 2.755203479474387468e-08
6.425923603556274889e-04 2.497062862003462669e+03 3.532368691315052274e+04 3.356652698282773397e-08
6.755387751939181127e-04 2.618270845789115356e+03 3.530839385609093733e+04 4.089174794824612701e-08
7.101743888426273075e-04 2.745079806315141923e+03 3.529129162115815416e+04 4.981042560150353379e-08
7.465858083767621441e-04 2.877926488878792497e+03 3.527356075276875345e+04 6.067211665682866767e-08
7.848640813110194670e-04 3.016764749373123777e+03 3.525328281202472863e+04 7.389159936555374310e-08
8.251049232659968648e-04 3.162203869387675240e+03 3.523247593492013402e+04 8.998863415612187869e-08
8.674089573071004124e-04 3.314127681405402200e+03 3.520888221246414469e+04 1.095749302567185845e-07
9.118819655546198935e-04 3.473152473471117446e+03 3.518430142722337041e+04 1.334166367526781217e-07
9.586351536941296880e-04 3.639289104749035232e+03 3.515723200805662054e+04 1.624227534480161624e-07
1.007785429048626679e-03 3.812972842045181096e+03 3.512834106696205708e+04 1.977143519355366891e-07
1.059455692907732439e-03 3.994468296172987266e+03 3.509737713919353700e+04 2.406454387533917038e-07
1.113775147844932919e-03 4.183918020189480558e+03 3.506357105165828398e+04 2.928505166054452781e-07
1.170879620791311689e-03 4.381965608945693020e+03 3.502824933246958244e+04 3.563493452465136838e-07
1.230911902673626282e-03 4.588308473780442000e+03 3.498884789839938458e+04 4.335146522742659424e-07
1.294022105466001958e-03 4.804118523355303296e+03 3.494858394070615032e+04 5.273622740383623031e-07
1.360368037548055848e-03 5.028505179151095945e+03 3.490290427211330825e+04 6.413253680060830915e-07
1.430115598308045934e-03 5.263008355478282283e+03 3.485607917360055581e+04 7.798619818097702567e-07
1.503439192977754080e-03 5.506872934511042331e+03 3.480434138922707643e+04 9.480536564028093734e-07
1.580522168736409397e-03 5.761179586866363934e+03 3.475009427112663252e+04 1.152347455892306909e-06
1.661557273174137529e-03 6.025745192909975231e+03 3.469165752430327848e+04 1.400318960901053447e-06
1.746747136261333697e-03 6.300908180234936481e+03 3.462905441193081060e+04 1.701231946950367115e-06
1.836304777029133936e-03 6.587353214275289247e+03 3.456319815492984344e+04 2.066405275618533950e-06
1.930454136227949345e-03 6.884319073961016329e+03 3.449120199782259442e+04 2.509052299798053809e-06
2.029430636295988157e-03 7.193755364359912164e+03 3.441716191576856363e+04 3.046130887604896577e-06
2.133481770037976965e-03 7.513329722328328899e+03 3.433466663877658721e+04 3.696319607821795340e-06
2.242867719486086112e-03 7.846277430837730208e+03 3.425057204543601983e+04 4.484818791115779143e-06
2.357862006490532136e-03 8.189561000464918834e+03 3.415747025964558270e+04 5.438586427522009365e-06
2.478752176666675511e-03 8.546240685582943115e+03 3.406138757229919429e+04 6.593935645513352902e-06
2.605840518408833982e-03 8.914221318631958638e+03 3.395751262465880427e+04 7.990927112170251187e-06
2.739444818768723561e-03 9.294864874913782842e+03 3.384816218985000887e+04 9.680571786146947559e-06
2.879899158088616417e-03 9.687984918355292393e+03 3.373258850461825205e+04 1.172291336867894881e-05
3.027554745376210416e-03 1.009245568447856203e+04 3.360862581414214219e+04 1.418871694592619934e-05
3.182780796510085389e-03 1.051084567823759608e+04 3.348039307632323471e+04 1.716833211136547326e-05
3.345965457471714814e-03 1.093854821375044048e+04 3.334041101296740089e+04 2.075842043517911684e-05
3.517516774912597243e-03 1.138181447939170357e+04 3.319833066782276728e+04 2.509517873113329325e-05
3.697863716483424691e-03 1.183173832707217662e+04 3.304107445719167299e+04 3.030899381821418421e-05
3.887457243476651579e-03 1.229691376516153468e+04 3.288117554150678916e+04 3.659849803173246294e-05
4.086771438464619106e-03 1.276949537627761129e+04 3.270811589907677626e+04 4.415552397663885162e-05
4.296304690752923532e-03 1.325446809019922512e+04 3.252888676982765537e+04 5.324977582017891752e-05
4.516580942613284376e-03 1.374794936292912462e+04 3.233898606009859213e+04 6.417081808766699001e-05
4.748150999412126434e-03 1.424976237042066532e+04 3.213887249650541708e+04 7.727721222061176959e-05
4.991593906910903912e-03 1.476166650139745070e+04 3.193110212299410341e+04 9.300865971986637022e-05
5.247518399182111472e-03 1.527639378640811992e+04 3.170852388000250357e+04 1.118286324156948861e-04
5.516564420761540903e-03 1.580341960715643836e+04 3.148187039116020969e+04 1.344087099461158433e-04
5.799404726842954938e-03 1.632602077681340052e+04 3.123521874448745075e+04 1.613246971151325085e-04
6.096746565516493986e-03 1.686106310351891443e+04 3.098605194460392522e+04 1.935751656570799885e-04
6.409333446257287764e-03 1.738810818132709392e+04 3.071632986614384572e+04 2.319322769615015452e-04
6.737946999086424568e-03 1.792246923123848683e+04 3.044117882022497724e+04 2.777479574741431654e-04
7.083408929053131541e-03 1.844966830199949618e+04 3.014922926022431056e+04 3.321893962198060293e-04
7.446583070925409317e-03 1.897502083922768725e+04 2.984643415906813243e+04 3.969388768406443093e-04
7.828377549226901017e-03 1.949502171685579742e+04 2.953130040367320544e+04 4.738155074282837339e-04
8.229747049021221908e-03 2.000142841844174836e+04 2.919917657073422379e+04 5.647948549410064176e-04
8.651695203121895217e-03 2.050557680568654905e+04 2.885994384313311093e+04 6.727378795298339124e-04
9.095277101697147801e-03 2.098136364771694934e+04 2.849677612523127391e+04 7.997454448147888785e-04
9.561601930544914862e-03 2.145894276642218756e+04 2.813211759691467523e+04 9.503215066239112906e-04
1.005183574463506743e-02 2.189134673502539226e+04 2.773664268221598468e+04 1.126364329469743296e-03
1.056720438385422289e-02 2.232002995288048623e+04 2.733911342544959189e+04 1.334275016035991546e-03
1.110899653824396448e-02 2.270476853869283514e+04 2.691627570362333427e+04 1.576927882182729531e-03
1.167856697039719623e-02 2.306863008423329666e+04 2.648419150688403533e+04 1.861490098646568494e-03
1.227733990307029038e-02 2.339212587637261458e+04 2.603334966837566390e+04 2.193071495147433034e-03
1.290681258048182248e-02 2.367371636129389299e+04 2.556511872333164138e+04 2.578657782302159508e-03
1.356855901220299469e-02 2.392159216393403403e+04 2.508586167946878777e+04 3.027342265805290679e-03
1.426423390900143431e-02 2.410243621774144776e+04 2.458011112087132278e+04 3.543860001382460358e-03
1.499557682048000690e-02 2.426007502118710909e+04 2.407236883160661455e+04 4.144307067860330054e-03
1.576441648485692182e-02 2.432155380760969638e+04 2.352815139413169891e+04 4.827199813940125268e-03
1.657267540176381518e-02 2.436868764027071666e+04 2.298939840272378933e+04 5.619274822556002101e-03
1.742237463949622076e-02 2.436169218443301725e+04 2.243802616772092006e+04 6.526791740989271347e-03
1.831563888873704443e-02 2.430661806260308367e+04 2.187825003075235509e+04 7.565907249102232952e-03
1.925470177538994923e-02 2.413212715370808291e+04 2.127979813112771808e+04 8.727226618527650359e-03
2.024191144580758314e-02 2.389554511447840196e+04 2.067033717029162290e+04 1.004018610439047325e-02
2.127973643838054069e-02 2.359003836501865590e+04 2.004808069335298205e+04 1.151589350858374383e-02
2.237077185616915750e-02 2.316161893364308344e+04 1.939154098897897711e+04 1.313657281303856443e-02
2.351774585601286785e-02 2.267401217770990115e+04 1.872886428772943327e+04 1.494120804755941223e-02
2.472352647034336062e-02 2.211354201433072012e+04 1.805492957476614174e+04 1.693011159027864657e-02
2.599112877875953478e-02 2.154891884779466636e+04 1.739797788895987833e+04 1.916775138476113291e-02
2.732372244729698585e-02 2.088222878930960724e+04 1.671836663067664631e+04 2.158075846350957991e-02
2.872463965424410307e-02 2.020791232919530739e+04 1.605408407760294176e+04 2.426361329552820245e-02
3.019738342232343442e-02 1.944273677291290369e+04 1.537173522558158402e+04 2.712286706795219091e-02
3.174563637807315680e-02 1.866786057892051758e+04 1.470316597559362162e+04 3.025637679231549249e-02
3.337326996033158216e-02 1.786256283944535244e+04 1.403960401139098758e+04 3.363646232793620489e-02
3.508435410085083278e-02 1.712263318606916073e+04 1.341799540276077460e+04 3.746116409410518017e-02
3.688316740124613496e-02 1.643661022186606715e+04 1.283299068017688660e+04 4.177987579080655323e-02
3.877420783172848273e-02 1.568186768250831483e+04 1.223601587144340556e+04 4.631235286002736984e-02
4.076220397837305304e-02 1.492970186157024182e+04 1.165429736369325110e+04 5.122646269176716477e-02
4.285212686704739649e-02 1.416566094163485104e+04 1.108149455075419974e+04 5.647083996408289175e-02
4.504920239356542677e-02 1.344923351912700127e+04 1.054018106470950624e+04 6.229154627117489823e-02
4.735892439114896407e-02 1.287068197794856860e+04 1.006513194457494501e+04 6.925917419546720466e-02
4.978706836787243073e-02 1.233524981612757438e+04 9.618604237382389329e+03 7.712015098605723429e-02
5.233970594844135349e-02 1.186589548369874865e+04 9.208899405271731666e+03 8.619153452284462891e-02
5.502322005641668845e-02 1.145621103299517745e+04 8.832778922764999152e+03 9.668281160120839601e-02
5.784432087484844831e-02 1.110683497481593258e+04 8.489681665891173907e+03 1.089037307685763317e-01
6.081006262522850592e-02 1.073030344584920749e+04 8.145572934694993819e+03 1.222386696284461921e-01
6.392786120671870020e-02 1.034686038864580041e+04 7.807991247011184896e+03 1.369460065411749194e-01
6.720551273976151097e-02 9.932533020539000063e+03 7.467658004793194777e+03 1.527372521467577626e-01
7.065121306044198912e-02 9.524402266932507700e+03 7.138264972269640566e+03 1.701636754497330428e-01
7.427357821434696361e-02 9.008024057400269157e+03 6.776539234961461261e+03 1.869833074263280437e-01
7.808166600116696332e-02 8.482593276204925132e+03 6.419140756829118800e+03 2.045719647880502312e-01
8.208499862391337165e-02 7.845170210027966277e+03 6.026055824284139817e+03 2.198183862282896972e-01
8.629358649938589920e-02 7.214670644137242562e+03 5.641045577948656501e+03 2.348671765352050855e-01
9.071795328942874881e-02 6.572927946885870369e+03 5.255937326348681381e+03 2.486044285669875287e-01
9.536916221556676621e-02 5.999034197812669845e+03 4.901520229423492310e+03 2.636182660878582662e-01
1.002588437228218304e-01 5.483031383375232508e+03 4.574249874214985539e+03 2.799362016259915875e-01
1.053992245618834284e-01 5.092363240078746458e+03 4.303170902297619250e+03 3.020660249978936451e-01
1.108031583623540345e-01 4.756202597103216249e+03 4.059555363953587857e+03 3.277834516088040662e-01
1.164841577735182265e-01 4.529338129868293436e+03 3.867096911976895171e+03 3.626649576336035685e-01
1.224564282530043596e-01 4.317271453046811075e+03 3.685460414044938261e+03 4.016283667909583688e-01
1.287349035878279091e-01 4.089636409388761422e+03 3.501457105100160334e+03 4.420220087319391422e-01
1.353352832366376823e-01 3.834138211927843258e+03 3.309479776367284103e+03 4.814721062888840941e-01
1.422740715865399574e-01 3.502823616043990114e+03 3.087837039621395888e+03 5.110528432967824664e-01
1.495686192226629019e-01 3.166511744829254894e+03 2.865861366058344629e+03 5.367509419988639729e-01
1.572371663136570008e-01 2.828251561823885822e+03 2.643887871171625193e+03 5.569983645533737038e-01
1.652988882216175348e-01 2.574080431298470558e+03 2.462149727776987675e+03 5.889821997059063730e-01
1.737739434504778357e-01 2.366668332820820069e+03 2.304578423001019473e+03 6.291607604795910191e-01
1.826835240527691917e-01 2.222812670618833181e+03 2.180186327836684086e+03 6.865485669259396850e-01
1.920499086207905493e-01 2.095835959072371679e+03 2.066522851708664803e+03 7.520900809708040979e-01
2.018965179946938526e-01 1.911056950099469759e+03 1.926272707997490215e+03 7.967652327515469812e-01
2.122479738267836202e-01 1.735801366678412705e+03 1.792050971506261021e+03 8.408159549358424911e-01
2.231301601484726449e-01 1.551455702200919404e+03 1.653824508550705787e+03 8.731411779328202005e-01
2.345702880938428103e-01 1.405206754381738619e+03 1.536417468726365996e+03 9.188179930311158872e-01
2.465969639416541459e-01 1.301005221484610729e+03 1.443105328371267660e+03 9.883538868322350179e-01
2.592402606459418002e-01 1.193207266922914414e+03 1.349074221345351816e+03 1.053157917079974970e+00
2.725317930340656614e-01 1.086197473883712746e+03 1.256468720783020217e+03 1.113859896785558634e+00
2.865047968602461026e-01 9.801312470944228608e+02 1.165088171613547502e+03 1.167750835695563261e+00
3.011942119122611450e-01 8.816981909429215420e+02 1.078688475818609277e+03 1.220478332898502272e+00
3.166367693791155569e-01 8.058349457900029620e+02 1.006650007367569742e+03 1.295986248799447349e+00
3.328710836981453314e-01 7.360654434473641459e+02 9.391458754168829728e+02 1.375355275939766475e+00
3.499377491112247163e-01 6.612302835196335309e+02 8.689016003410298481e+02 1.435474151051162828e+00
3.678794411715154977e-01 5.957760137397629023e+02 8.051098220741838531e+02 1.502691492109794247e+00
3.867410234545784475e-01 5.408150643040298746e+02 7.487854491417716645e+02 1.584819352542365278e+00
4.065696597406806001e-01 4.888055722292737073e+02 6.948970510282224495e+02 1.664222180379844040e+00
4.274149319488126375e-01 4.396264229887107717e+02 6.433001853745525978e+02 1.739014155487228930e+00
4.493289641173122684e-01 3.960730721383065998e+02 5.960446990678891552e+02 1.820282606944857662e+00
4.723665527411103904e-01 3.571647865566840778e+02 5.525160230184341117e+02 1.907112484657748741e+00
4.965853037915104462e-01 3.214018650331788649e+02 5.116278119108808937e+02 1.993885612147226594e+00
5.220457767611225153e-01 2.890896342886086359e+02 4.736587849093108957e+02 2.083668080920344057e+00
5.488116360941387439e-01 2.595696032619579228e+02 4.381225853400754886e+02 2.173672068893180320e+00
5.769498103806052214e-01 2.330241657412670122e+02 4.052178747004568322e+02 2.267176470220316986e+00
6.065306597127584354e-01 2.090457652494511933e+02 3.746521153554426746e+02 2.363033673028554382e+00
6.376281516219051149e-01 1.874476490708855749e+02 3.463114807622381477e+02 2.461799654161546780e+00
6.703200460357783275e-01 1.679517633371573027e+02 3.199915887729013662e+02 2.562721713144237246e+00
7.046880897188601001e-01 1.503822556801602559e+02 2.955724589159833613e+02 2.665984669719789757e+00
7.408182206818726412e-01 1.345789914750403966e+02 2.729440870051524257e+02 2.771931505493533177e+00
7.788007830715680813e-01 1.203330114135384434e+02 2.519398327275076781e+02 2.879613380254643307e+00
8.187307530781540166e-01 1.075626125995492686e+02 2.325168889821254652e+02 2.990576471171843664e+00
8.607079764252394405e-01 9.605052900297602037e+01 2.144831115341111740e+02 3.102683693367690676e+00
9.048374180361511421e-01 8.575432091301343007e+01 1.978293004642152653e+02 3.218384489026532957e+00
9.512294245009160765e-01 7.649321859419167424e+01 1.823868258459939966e+02 3.335408427273000243e+00
1.000000000000213163e+00 6.821254491170947176e+01 1.681254703936883743e+02 3.455687894857474074e+00
1.051271096376248826e+00 6.078431205002136295e+01 1.549232244173224728e+02 3.577716608005417687e+00
1.105170918075884856e+00 5.414053541382627799e+01 1.427254549661356293e+02 3.702381352144899829e+00
1.161834242728533306e+00 4.819811761857320676e+01 1.314542373544703651e+02 3.829418693347139246e+00
1.221402758160433644e+00 4.288341478342805146e+01 1.210385242883442203e+02 3.958551585575943221e+00
1.284025416688019838e+00 3.814297482165703457e+01 1.114308924452758021e+02 4.090775833033623243e+00
1.349858807576296504e+00 3.390109232535064621e+01 1.025473784638727466e+02 4.224243888939581026e+00
1.419067548593566874e+00 3.012603319589235795e+01 9.436437768121965064e+01 4.361354768971487772e+00
1.491824697641596753e+00 2.674964604276591729e+01 8.679915819253299958e+01 4.499266074638995860e+00
1.568312185490513100e+00 2.374790367043253525e+01 7.983411607330224058e+01 4.640802518326275994e+00
1.648721270700491237e+00 2.106919069748063933e+01 7.340391053324367476e+01 4.783654837239858182e+00
1.733253017867778301e+00 1.868716013429251532e+01 6.748174621541095064e+01 4.929461298158272164e+00
1.822118800390913007e+00 1.656640648362807156e+01 6.202234803784940453e+01 5.077251068296085634e+00
1.915540829014322100e+00 1.468036028188725517e+01 5.699303602647458433e+01 5.227345585429808317e+00
2.013752707470925607e+00 1.300485308312567412e+01 5.236312403072933819e+01 5.380146743932957776e+00
2.117000016613148627e+00 1.151438565798692260e+01 4.809640301724638789e+01 5.534439122451074944e+00
2.225540928492967474e+00 1.019281580505996132e+01 4.417318242228190428e+01 5.692082573352261754e+00
2.339646851926517890e+00 9.017291906228603438e+00 4.055730171102183590e+01 5.850558370352128890e+00
2.459603111157505406e+00 7.976366833108557763e+00 3.723513536690491321e+01 6.012713062886761328e+00
2.585709659316432152e+00 7.051396968066464765e+00 3.417490753997558528e+01 6.175678755766591976e+00
2.718281828459663263e+00 6.232564103424961921e+00 3.136335626861522030e+01 6.341915609694764200e+00
2.857651118063815776e+00 5.506329187503873790e+00 2.877660983813819229e+01 6.509686118190581183e+00
3.004166023947120401e+00 4.863323435969267194e+00 2.639942744308691402e+01 6.679980621074575353e+00
3.158192909690492378e+00 4.294003444755744248e+00 2.421466771819033781e+01 6.852493149071124279e+00
3.320116922737311960e+00 3.789880173745696634e+00 2.220646591396150171e+01 7.026772172194586830e+00
3.490342957462647444e+00 3.344250737674063334e+00 2.036270700074777196e+01 7.203994915430061319e+00
3.669296667620093988e+00 2.949646663238998823e+00 1.866768579569819053e+01 7.382249745692895715e+00
3.857425530697870641e+00 2.601339145527101326e+00 1.711289010715059433e+01 7.564145724506112778e+00
4.055199966845619564e+00 2.292913037829773071e+00 1.568332179755183020e+01 7.746306319633209370e+00
4.263114515169814212e+00 2.020848393253292130e+00 1.437244041470943756e+01 7.932041698503958571e+00
4.481689070339116121e+00 1.780311803581524410e+00 1.316834130048327189e+01 8.118793563868225149e+00
4.711470182591849465e+00 1.568107524391886720e+00 1.206397271621039202e+01 8.308362531932072415e+00
4.953032424396282885e+00 1.380762277002281824e+00 1.105048328741786534e+01 8.499682153129999307e+00
5.206979827181080545e+00 1.215467271451765141e+00 1.012075329121702971e+01 8.693030704256036856e+00
5.473947391728498424e+00 1.069728923953156219e+00 9.268244060617623958e+00 8.888855686121869937e+00
5.754602676007100293e+00 9.411336448403635480e-01 8.486050860041723709e+00 9.085892378747729481e+00
6.049647464414390718e+00 8.278948803185268712e-01 7.769390809231863315e+00 9.286149221189594627e+00
6.359819522603354258e+00 7.279722037187057460e-01 7.111744669211375047e+00 9.486793129793840151e+00
6.685894442280875261e+00 6.400575542999508150e-01 6.509500425578335303e+00 9.690983039907010266e+00
7.028687580590986528e+00 5.625388665489058360e-01 5.957085057774824222e+00 9.895677014161789131e+00
7.389056098932435646e+00 4.944086266183329026e-01 5.451549284200446266e+00 1.010469455630681068e+01
7.767901106308653603e+00 4.345297802696360123e-01 4.988914764491815923e+00 1.031812698920279558e+01
8.166169912569634093e+00 3.819029842433108168e-01 4.565540771959621935e+00 1.053606756464163929e+01
8.584858397179985445e+00 3.356499277988339580e-01 4.178095542698432752e+00 1.075861150408950628e+01
9.025013499436326470e+00 2.949986742171841203e-01 3.823530056095385987e+00 1.098585604029053009e+01
9.487735836360851494e+00 2.592707776241584550e-01 3.499054040402059140e+00 1.121790045974912609e+01
9.974182454817173138e+00 2.278699601217397397e-01 3.202114014544191978e+00 1.145484614610985652e+01
1.048556972473016025e+01 2.002721602553831082e-01 2.930373193368038809e+00 1.169679662445340007e+01
1.102317638064432792e+01 1.760167867319107904e-01 2.681693098186659352e+00 1.194385760652803263e+01
1.158834671922626214e+01 1.546990314176462933e-01 2.454116727909476658e+00 1.219613703693732099e+01
1.218249396070650370e+01 1.359631133251407442e-01 2.245853158319127907e+00 1.245374514030172364e+01
1.280710378266622662e+01 1.194963408345968287e-01 2.055263448299208928e+00 1.271679446941801928e+01
1.346373803500505772e+01 1.050238930518646446e-01 1.880847742100921094e+00 1.298539995443513106e+01
1.415403864537935341e+01 9.230423320691134859e-02 1.721233466149335589e+00 1.325967895306842870e+01
1.487973172487657614e+01 8.112507754505648983e-02 1.575164527503551515e+00 1.353975130187674836e+01
1.564263188419211659e+01 7.129985243405655149e-02 1.441491428967044186e+00 1.382573936861815511e+01
1.644464677110120832e+01 6.266458055826824858e-02 1.319162223059080929e+00 1.411776810571487850e+01
1.728778184057202338e+01 5.507514423224996181e-02 1.207214233658815639e+00 1.441596510484969151e+01
1.817414536944768244e+01 4.840488016005578542e-02 1.104766480174721233e+00 1.472046065270886217e+01
1.910595372823652127e+01 4.254246549820749068e-02 1.011012744621570869e+00 1.503138778790786922e+01
2.008553692319280515e+01 3.739005994192697718e-02 9.252152270456430738e-01 1.534888235911969723e+01
2.111534442254602695e+01 3.286167282711335846e-02 8.466987393690316166e-01 1.567308308442485476e+01
2.219795128144734164e+01 2.888172799598314952e-02 7.748453919616921093e-01 1.600413161192362921e+01
2.333606458094873304e+01 2.538380247476912030e-02 7.090897311264133807e-01 1.634217258162165365e+01
2.453253019711569394e+01 2.230951791276917714e-02 6.489142892312571576e-01 1.668735368862752111e+01
2.579033991719975205e+01 1.960756628148540778e-02 5.938455124707450183e-01 1.703982574768022928e+01
2.711263892066493852e+01 1.723285357335283680e-02 5.434500342093175895e-01 1.739974275904419443e+01
2.850273364377471097e+01 1.514574720887400597e-02 4.973312645797890452e-01 1.776726197579378308e+01
2.996410004740484823e+01 1.331141459182512768e-02 4.551262694985243051e-01 1.814254397251953321e+01
3.150039230875619012e+01 1.169924177340228751e-02 4.165029145365705121e-01 1.852575271548502300e+01
3.311545195870102276e+01 1.028232252315163138e-02 3.811572511703318344e-01 1.891705563426934589e+01
3.481331748761120082e+01 9.037009279564019865e-03 3.488111248425825317e-01 1.931662369491109388e+01
3.659823444368765877e+01 7.942518485979512682e-03 3.192099860106897835e-01 1.972463147461977329e+01
3.847466604904231957e+01 6.980583725057601906e-03 2.921208869554373089e-01 2.014125723803450185e+01
4.044730436007814234e+01 6.135150862860045372e-03 2.673306485868323645e-01 2.056668301512574359e+01
4.252108200007410943e+01 5.392110114651771889e-03 2.446441828199793223e-01 2.100109468072051300e+01
4.470118449331276622e+01 4.739060560765797313e-03 2.238829573191024325e-01 2.144468203570772857e+01
4.699306323159186860e+01 4.165103182440523487e-03 2.048835905280050329e-01 2.189763888997562802e+01
4.940244910554343960e+01 3.660658963508340615e-03 1.874965659302803289e-01 2.236016314708431807e+01
5.193536683484541783e+01 3.217309022164977547e-03 1.715850554212281776e-01 2.283245689073394402e+01
5.459815003315897997e+01 2.827654104709003378e-03 1.570238425318871978e-01 2.331472647305806234e+01
5.739745704546173499e+01 2.485191096283717420e-03 1.436983370314455222e-01 2.380718260478192860e+01
6.034028759737834946e+01 2.184204487657255642e-03 1.315036731533914816e-01 2.431004044728514302e+01
6.343400029814058882e+01 1.919670986684337806e-03 1.203438843488476989e-01 2.482351970660885243e+01
6.668633104094334385e+01 1.687175682470206826e-03 1.101311480727663744e-01 2.534784472944856404e+01
7.010541234670704114e+01 1.482838363065224797e-03 1.007850946597913105e-01 2.588324460117453540e+01
7.369979369961600923e+01 1.303248756975125067e-03 9.223217485094854784e-02 2.642995324592258299e+01
7.747846292528217305e+01 1.145409617705243953e-03 8.440508099388395469e-02 2.698820952879899338e+01
8.145086866499057976e+01 1.006686701452683174e-03 7.724221736175009012e-02 2.755825736024265993e+01
8.562694400222423496e+01 8.847648031034682911e-04 7.068721542240462286e-02 2.814034580260100071e+01
9.001713130054676526e+01 7.776091167997057187e-04 6.468849024325760977e-02 2.873472917893168699e+01
9.463240831495036787e+01 6.834312762093154798e-04 5.919883454096207254e-02 2.934166718414399710e+01
9.948431564196151555e+01 6.006595077271313036e-04 5.417504718118341944e-02 2.996142499843748297e+01
1.045849855771433994e+02 5.279123984845851287e-04 4.957759320502864997e-02 3.059427340318955757e+01
1.099471724521542768e+02 4.639758413685251865e-04 4.537029270658036323e-02 3.124048889923513883e+01
1.155842845272200918e+02 4.077827722774226009e-04 4.152003611325297966e-02 3.190035382770856387e+01
1.215104175187690743e+02 3.583953614390304656e-04 3.799652362824081087e-02 3.257415649336580543e+01
1.277403898460648861e+02 3.149893615751577294e-04 3.477202678469321073e-02 3.326219129057552948e+01
1.342897796849734675e+02 2.768403516918805187e-04 3.182117023507730763e-02 3.396475883193183165e+01
1.411749639215168770e+02 2.433116469129220367e-04 2.912073205855316219e-02 3.468216607961167597e+01
1.484131591026187778e+02 2.138436725775958499e-04 2.664946101482962640e-02 3.541472647945423802e+01
1.560224644864394463e+02 1.879446252642392307e-04 2.438790930643277774e-02 3.616276009795867452e+01
1.640219072999485945e+02 1.651822648757486861e-04 2.231827953322653921e-02 3.692659376209490318e+01
1.724314903169036768e+02 1.451767008028227355e-04 2.042428463484083703e-02 3.770656120211113915e+01
1.812722418752032070e+02 1.275940517696984170e-04 1.869101971878959698e-02 3.850300319733289456e+01
1.905662684586848457e+02 1.121408735491120950e-04 1.710484476563818579e-02 3.931626772506257339e+01
2.003368099748494728e+02 9.855926154815042284e-05 1.565327728815465655e-02 4.014671011262498723e+01
2.106082978667353416e+02 8.662254652995556752e-05 1.432489409971739007e-02 4.099469319260678191e+01
2.214064162042512862e+02 7.613151163544076741e-05 1.310924141894489331e-02 4.186058746136911424e+01
2.327581659077297047e+02 6.691106756938338068e-05 1.199675260311910442e-02 4.274477124095548675e+01
2.446919322642916654e+02 5.880733046143670612e-05 1.097867286298099924e-02 4.364763084434862606e+01
2.572375559058498879e+02 5.168505363354023325e-05 1.004699036646172425e-02 4.456956074429477610e+01
2.704264074262317763e+02 4.542537041114931665e-05 9.194373189143421887e-03 4.551096374561542746e+01
2.842914658240042627e+02 3.992381030734387833e-05 8.414111615299143393e-03 4.647225116123882316e+01
2.988674009671481713e+02 3.508855547087764835e-05 7.700065335428010749e-03 4.745384299187310262e+01
3.141906602857868620e+02 3.083890829944757578e-05 7.046615124768435164e-03 4.845616810952566311e+01
3.302995599097462787e+02 2.710394464346265963e-05 6.448618622513960230e-03 4.947966444489497206e+01
3.472343804788374655e+02 2.382133012305911210e-05 5.901369863733034807e-03 5.052477917869287438e+01
3.650374678654371792e+02 2.093627980341821181e-05 5.400562245531527646e-03 5.159196893704147868e+01
3.837533390612260860e+02 1.840064386591977512e-05 4.942254636012190921e-03 5.268169999093322531e+01
4.034287934928555046e+02 1.617210401559169951e-05 4.522840359333729632e-03 5.379444846002122915e+01
4.241130300448911044e+02 1.421346721325960281e-05 4.139018812782920345e-03 5.493070052059682951e+01
4.458577700826506316e+02 1.249204494527468334e-05 3.787769492508815707e-03 5.609095261802499266e+01
4.687173867825576963e+02 1.097910767115177563e-05 3.466328223508115952e-03 5.727571168362993603e+01
4.927490410934046849e+02 9.649405344183687781e-06 3.172165406804938921e-03 5.848549535618612794e+01
5.180128246684984106e+02 8.480746002795504305e-06 2.902966112639830936e-03 5.972083220812916693e+01
5.445719101260938260e+02 7.453625399546982967e-06 2.656611863005986680e-03 6.098226197641795920e+01
5.724927090138447738e+02 6.550901486549948767e-06 2.431163960176536878e-03 6.227033579839904576e+01
6.018450378722650385e+02 5.757508324619524615e-06 2.224848230020976415e-03 6.358561645262198425e+01
6.327022928124463306e+02 5.060204641470995697e-06 2.036041060047531336e-03 6.492867860467572427e+01
6.651416330445650829e+02 4.447352842561391212e-06 1.863256622300311308e-03 6.630010905832644141e+01
6.992441738160994191e+02 3.908724786372854024e-06 1.705135180557075785e-03 6.770050701184193542e+01
7.350951892421985576e+02 3.435331082659954126e-06 1.560432389814397393e-03 6.913048431984999809e+01
7.727843255353874383e+02 3.019271064730282272e-06 1.428009503848464302e-03 7.059066576061381681e+01
8.124058251677936369e+02 2.653600931895635679e-06 1.306824413792110218e-03 7.208168930902900229e+01
8.540587625264155349e+02 2.332217861461347696e-06 1.195923447204394387e-03 7.360420641538098607e+01
8.978472916506958654e+02 2.049758156149631428e-06 1.094433863094911204e-03 7.515888228994936071e+01
9.438809066718714575e+02 1.801507727099844435e-06 1.001556983842858328e-03 7.674639619367340515e+01
9.922747156053346771e+02 1.583323418454442682e-06 9.165619099610202531e-04 7.836744173486188458e+01
1.043149728180628472e+03 1.391563860490353859e-06 8.387797682445201916e-04 8.002272717234433230e+01
1.096633158428801380e+03 1.223028697265829431e-06 7.675984480374618184e-04 8.171297572485113392e+01
1.152858742783748994e+03 1.074905174534238078e-06 7.024577841960875967e-04 8.343892588702513535e+01
1.211967074492957408e+03 9.447211965046361332e-07 6.428451488395856917e-04 8.520133175205272380e+01
1.274105955173854682e+03 8.303040679953689036e-07 5.882914171981172080e-04 8.700096334115619356e+01
1.339430764394840480e+03 7.297442334102164924e-07 5.383672758108205706e-04 8.883860694004755487e+01
1.408104848205140797e+03 6.413634073613804043e-07 4.926798440208627391e-04 9.071506544244981285e+01
1.480299927585014302e+03 5.636865650584270297e-07 4.508695821803939091e-04 9.263115870087221992e+01
1.556196527837648091e+03 4.954173249991764816e-07 4.126074622344472263e-04 9.458772388483519933e+01
1.635984429996447261e+03 4.354163131135251623e-07 3.775923784174135605e-04 9.658561584667512534e+01
1.719863145376471039e+03 3.826821472698173581e-07 3.455487776852135822e-04 9.862570749496677536e+01
1.808042414456641382e+03 3.363347247875293378e-07 3.162244912362843297e-04 1.007088901759856725e+02
1.900742731340188357e+03 2.956005340331640975e-07 2.893887500558551683e-04 1.028360740631188150e+02
1.998195895104759757e+03 2.597997449591076962e-07 2.648303688670178464e-04 1.050081885545091609e+02
2.100645589420852957e+03 2.283348631340335064e-07 2.423560841971220342e-04 1.072261826791453245e+02
2.208347991887921125e+03 2.006807579070181141e-07 2.217890334807479460e-04 1.094910255115436684e+02
2.321572414611807289e+03 1.763758982810037538e-07 2.029673632303573283e-04 1.118037065950790065e+02
2.440601977625289692e+03 1.550146502279234004e-07 1.857429553218182053e-04 1.141652363743787220e+02
2.565734316835632853e+03 1.362405068916835647e-07 1.699802613710009555e-04 1.165766466367625327e+02
2.697282328269386653e+03 1.197401386953782458e-07 1.555552360287182009e-04 1.190389909631511784e+02
2.835574950475434889e+03 1.052381640519304701e-07 1.423543607991863981e-04 1.215533451882064782e+02
2.980957987042702825e+03 9.249255340516009133e-08 1.302737507004007997e-04 1.241208078705938078e+02
3.133794971289250043e+03 8.129058989648458473e-08 1.192183367356684792e-04 1.267425007727397173e+02
3.294468075284922634e+03 7.144531924396826072e-08 1.091011177432749259e-04 1.294195693511995842e+02
3.463379065480592999e+03 6.279242958344091816e-08 9.984247573611179736e-05 1.321531832568091716e+02
3.640950307333554974e+03 5.518750919883901559e-08 9.136954934386459944e-05 1.349445368459799965e+02
3.827625821441170956e+03 4.850363637427734845e-08 8.361566042660083600e-05 1.377948497025093388e+02
4.023872393823642142e+03 4.262926114406115799e-08 7.651978934757989743e-05 1.407053671702490760e+02
4.230180743132199495e+03 3.746634358847183837e-08 7.002609477609190558e-05 1.436773608974630179e+02
4.447066747701334862e+03 3.292871760422202834e-08 6.408347424110222908e-05 1.467121293922088512e+02
4.675072735513344924e+03 2.894065284214802135e-08 5.864516197770474595e-05 1.498109985898014713e+02
4.914768840300775992e+03 2.543559081153954891e-08 5.366836090146524948e-05 1.529753224321025300e+02
5.166754427177720572e+03 2.235503405748012390e-08 4.911390581450867559e-05 1.562064834590421754e+02
5.431659591364801599e+03 1.964756987223138324e-08 4.494595519295701565e-05 1.595058934128124690e+02
5.710146733755425885e+03 1.726801224689020219e-08 4.113170913013668769e-05 1.628749938544675899e+02
6.002912217263044113e+03 1.517664774309400825e-08 3.764115121600716482e-05 1.663152567938653874e+02
6.310688108091153481e+03 1.333857269874782786e-08 3.444681232145458349e-05 1.698281853329258126e+02
6.634244006280128815e+03 1.172311070609780578e-08 3.152355442850477774e-05 1.734153143220945594e+02
6.974388970108182548e+03 1.030330064028432404e-08 2.884837280540467267e-05 1.770782110312880491e+02
7.331973539158482708e+03 9.055446693755170988e-09 2.640021496963505752e-05 1.808184758342253531e+02
7.707891861111141225e+03 7.958722906988759339e-09 2.415981501432509882e-05 1.846377429080077661e+02
8.103083927578147268e+03 6.994825595287696571e-09 2.210954199417807206e-05 1.885376809470846808e+02
8.518537924572025076e+03 6.147667870875025104e-09 2.023326117780621018e-05 1.925199938921212208e+02
8.955292703485578386e+03 5.403111162062649475e-09 1.851620707462296213e-05 1.965864216745956128e+02
9.414440378761499232e+03 4.748729248682944591e-09 1.694486723704368214e-05 2.007387409771379509e+02
9.897129058747319505e+03 4.173600875664420844e-09 1.550687592355537127e-05 2.049787660095236674e+02
1.040456571656430970e+04 3.668127483616369295e-09 1.419091678587232890e-05 2.093083493015046486e+02
1.093801920816896018e+04 3.223873014431392990e-09 1.298663381433574474e-05 2.137293825121631983e+02
1.149882344515380282e+04 2.833423118361712305e-09 1.188454984074957063e-05 2.182437972563562880e+02
1.208838073022117533e+04 2.490261412819454543e-09 1.087599195731239091e-05 2.228535659488641727e+02
1.270816526367042752e+04 2.188660727721383261e-09 9.953023264703636137e-06 2.275607026658212249e+02
1.335972682966652428e+04 1.923587522342690978e-09 9.108380412247275596e-06 2.323672640250969152e+02
1.404469467150771925e+04 1.690617878434161541e-09 8.335416438583013175e-06 2.372753500845068402e+02
1.476478156558243427e+04 1.485863667591431299e-09 7.628048463059042219e-06 2.422871052595628214e+02
1.552178810420236550e+04 1.305907660643634001e-09 6.980709816181541143e-06 2.474047192603491396e+02
1.631760719802116000e+04 1.147746496077777762e-09 6.388306232415529850e-06 2.526304280481818694e+02
1.715422880929701932e+04 1.008740555675931945e-09 5.846175760597239736e-06 2.579665148127621137e+02
1.803374492783486858e+04 8.865699108145501667e-10 5.350052076459632304e-06 2.634153109693942838e+02
1.895835480205053682e+04 7.791956042005841418e-10 4.896030908571702452e-06 2.689791971777810318e+02
1.993037043823734348e+04 6.848256208558066778e-10 4.480539313470558474e-06 2.746606043823559276e+02
2.095222238178608313e+04 6.018849804237505132e-10 4.100307558191393066e-06 2.804620148740357877e+02
2.202646579481454319e+04 5.289894516605606137e-10 3.752343388933870239e-06 2.863859633749463001e+02
2.315578684540369068e+04 4.649224504176746539e-10 3.433908483364578040e-06 2.924350381460785684e+02
2.434300942441707230e+04 4.086147355562506291e-10 3.142496901242342125e-06 2.986118821176846154e+02
2.559110220669883711e+04 3.591265639328548921e-10 2.875815363792963016e-06 3.049191940445387559e+02
2.690318607430719567e+04 3.156320066300311167e-10 2.631765206628556615e-06 3.113597296845971982e+02
2.828254192034512744e+04 2.774051646815143668e-10 2.408425864199285576e-06 3.179363030032965298e+02
2.973261885290210193e+04 2.438080542388148853e-10 2.204039755801092732e-06 3.246517874028766641e+02
3.125704281962085952e+04 2.142799589905815579e-10 2.016998454202920744e-06 3.315091169781066469e+02
3.285962567445517197e+04 1.883280721318163060e-10 1.845830028042434711e-06 3.385112877977958306e+02
3.454437470929026313e+04 1.655192717039742962e-10 1.689187458385615869e-06 3.456613592140326432e+02
3.631550267425979837e+04 1.454728920404963896e-10 1.545838038291090503e-06 3.529624551991817611e+02
3.817743831181556016e+04 1.278543706769643086e-10 1.414653671956083311e-06 3.604177657100078704e+02
4.013483743089039490e+04 1.123696646976991187e-10 1.294601997108786562e-06 3.680305480820334196e+02
4.219259454884566367e+04 9.876034332985129829e-11 1.184738260779398366e-06 3.758041284529901986e+02
4.435585513031406299e+04 8.679927488319364640e-11 1.084197884515149644e-06 3.837419032150553448e+02
4.663002845354139572e+04 7.628683605410650245e-11 9.921896605365661264e-07 3.918473404998796354e+02
4.902080113639969204e+04 6.704758032803508272e-11 9.079895252847733674e-07 4.001239816929268045e+02
5.153415135589398415e+04 5.892730987891440201e-11 8.309348613659500972e-07 4.085754429811626665e+02
5.417636379671867326e+04 5.179050209681692368e-11 7.604192830492219536e-07 4.172054169334062408e+02
5.695404536624281900e+04 4.551804779401245863e-11 6.958878642816962653e-07 4.260176741132284519e+02
5.987414171521994285e+04 4.000526334161319662e-11 6.368327716685998044e-07 4.350160647261545250e+02
6.294395460553275188e+04 3.516014356052210423e-11 5.827892680522267654e-07 4.442045203025457454e+02
6.617116016840114025e+04 3.090182620821796066e-11 5.333320552378804833e-07 4.535870554146687255e+02
6.956382809870861820e+04 2.715924243481512268e-11 4.880719270877231304e-07 4.631677694312230642e+02
7.313044183344273188e+04 2.386993068508569066e-11 4.466527066422429477e-07 4.729508483077865435e+02
7.687991976470644295e+04 2.097899425134219191e-11 4.087484431674449346e-07 4.829405664166579868e+02
8.082163754034375597e+04 1.843818507914401311e-11 3.740608470680373436e-07 4.931412884137836841e+02
8.496545150794286747e+04 1.620509853521415711e-11 3.423169424817172013e-07 5.035574711455075203e+02
8.932172336083906703e+04 1.424246569870374410e-11 3.132669190815652421e-07 5.141936655966090939e+02
9.390134604774527543e+04 1.251753136446560435e-11 2.866821661802744382e-07 5.250545188780214403e+02
9.871577101079767453e+04 1.100150737765900049e-11 2.623534736663535821e-07 5.361447762572047395e+02
1.037770368201258680e+05 9.669092176133328713e-12 2.400893856142843543e-07 5.474692832319042282e+02
1.090977992765488161e+05 8.498048522006868038e-12 2.197146936119914196e-07 5.590329876471112129e+02
1.146913630576689611e+05 7.468832375045065138e-12 2.010690579489933541e-07 5.708409418567248395e+02
1.205717149864963576e+05 6.564266713947603209e-12 1.840057458145764859e-07 5.828983049307435067e+02
1.267535590057915979e+05 5.769254861819076733e-12 1.683904765762992943e-07 5.952103449097259045e+02
1.332523529455816897e+05 5.070528531374469239e-12 1.541003650514643825e-07 6.077824411063440948e+02
1.400843471757866791e+05 4.456426384909281388e-12 1.410229544556929493e-07 6.206200864555346470e+02
1.472666252406089625e+05 3.916699413332507331e-12 1.290553314184100523e-07 6.337288899150128145e+02
1.548171465762921434e+05 3.442339886135355137e-12 1.181033161005605360e-07 6.471145789150808696e+02
1.627547914190663723e+05 3.025431017590753169e-12 1.080807210414674845e-07 6.607830018614242817e+02
1.710994080155731353e+05 2.659014840187827234e-12 9.890867290212139311e-08 6.747401306909698633e+02
1.798718622538203781e+05 2.336976080177240817e-12 9.051499176715511385e-08 6.889920634794633543e+02
1.890940898387710622e+05 2.053940097203367465e-12 8.283362312135961965e-08 7.035450271077851312e+02
1.987891511430313694e+05 1.805183184665195910e-12 7.580411803011400611e-08 7.184053799815123966e+02
2.089812888697938761e+05 1.586553733789503523e-12 6.937115743331179426e-08 7.335796148088077189e+02
2.196959886722229712e+05 1.394402945686792997e-12 6.348411680913654610e-08 7.490743614376655160e+02
2.309600428808625729e+05 1.225523935011214540e-12 5.809666778172057638e-08 7.648963897526191431e+02
2.428016174984180834e+05 1.077098208900401490e-12 5.316641353752100411e-08 7.810526126317236049e+02
2.552503226294341730e+05 9.466486279648522252e-13 4.865455518142598202e-08 7.975500889684418553e+02
2.683372865209793090e+05 8.319980642643544173e-13 4.452558640675999623e-08 8.143960267545865008e+02
2.820952333994774381e+05 7.312330663046092061e-13 4.074701407655478352e-08 8.315977862301408550e+02
2.965585652983192704e+05 6.426719246398023519e-13 3.728910251708820663e-08 8.491628830986784351e+02
3.117634480808650260e+05 5.648366051161032036e-13 3.412463951143392445e-08 8.670989918108571146e+02
3.277479018739408348e+05 4.964280813385413837e-13 3.122872215150993998e-08 8.854139489184765353e+02
3.445518961379595567e+05 4.363046546721188834e-13 2.857856086330877405e-08 9.041157564972249929e+02
3.622174496113909991e+05 3.834628999539319082e-13 2.615330006317724840e-08 9.232125856447178194e+02
3.807887353794944938e+05 3.370209189071841952e-13 2.393385403366302912e-08 9.427127800481171107e+02
4.003121913300411543e+05 2.962036217706133920e-13 2.190275672748245830e-08 9.626248596310241510e+02
4.208366362722213962e+05 2.603297914994150719e-13 2.004402431754577150e-08 9.829575242764423137e+02
4.424133920090965694e+05 2.288007146469942852e-13 1.834302941137543111e-08 1.003719657626801450e+03
4.650964116688389913e+05 2.010901891843950774e-13 1.678638594007180309e-08 1.024920330965057929e+03
4.889424146156553179e+05 1.767357424936968556e-13 1.536184381595794060e-08 1.046568807180155318e+03
5.140110282777408138e+05 1.553309129673599513e-13 1.405819252984773314e-08 1.068674544811605983e+03
5.403649372469085502e+05 1.365184663998541997e-13 1.286517292937110757e-08 1.091247202184162916e+03
5.680700400227193022e+05 1.199844339553980635e-13 1.177339648402133848e-08 1.114296641625743405e+03
5.971956137930564582e+05 1.054528722102550672e-13 1.077427140163388343e-08 1.137832933778665165e+03
6.278144876631795196e+05 9.268125781654434116e-14 9.859935014811938828e-09 1.161866361997167814e+03
6.600032247664229944e+05 8.145643992820104646e-14 9.023191905258531836e-09 1.186407426841290317e+03
6.938423137119094608e+05 7.159108283696282399e-14 8.257457279061515227e-09 1.211466850666877917e+03
7.294163698479967425e+05 6.292053944769538463e-14 7.556705147299851449e-09 1.237055582307740451e+03
7.668143468447235646e+05 5.530010341376122608e-14 6.915420904206616632e-09 1.263184801858719538e+03
8.061297591243179049e+05 4.860259407210290520e-14 6.328557929699926992e-09 1.289865925564083000e+03
8.474609156959623797e+05 4.271623387143089074e-14 5.791497874727495948e-09 1.317110610800884388e+03
8.909111659795242595e+05 3.754278286981629255e-14 5.300014316936733051e-09 1.344930761176293117e+03
9.365891582329371013e+05 3.299589916688502469e-14 4.850239500616658844e-09 1.373338531726793008e+03
9.846091112294379855e+05 2.899969790747897276e-14 4.438633899187938602e-09 1.402346334226967201e+03
1.035091099863994634e+06 2.548748480746586685e-14 4.061958360718269088e-09 1.431966842615424184e+03
1.088161355403086869e+06 2.240064306476311583e-14 3.717248617245767129e-09 1.462212998533045038e+03
1.143952581128624268e+06 1.968765507877554136e-14 3.401791957309027343e-09 1.493098016972176538e+03
1.202604284165272489e+06 1.730324265156353911e-14 3.113105878127669720e-09 1.524635392054248996e+03
1.264263124320930336e+06 1.520761132096087989e-14 2.848918549417648796e-09 1.556838902927726849e+03
1.329083280812643003e+06 1.336578621396777835e-14 2.607150935095633831e-09 1.589722619780785863e+03
1.397226837794951163e+06 1.174702833647931595e-14 2.385900432204167762e-09 1.623300909997883309e+03
1.468864189654704416e+06 1.032432155721899731e-14 2.183425898272063244e-09 1.657588444431482912e+03
1.544174467085782439e+06 9.073921724177245903e-15 1.998133949304006535e-09 1.692600203814100951e+03
1.623345985009134281e+06 7.974960388451588761e-15 1.828566420559528128e-09 1.728351485300568811e+03
1.706576713458170416e+06 7.009096521949407901e-15 1.673388891451722826e-09 1.764857909156182359e+03
1.794074772606963990e+06 6.160210416238088684e-15 1.531380184252652281e-09 1.802135425579192543e+03
1.886058953179090517e+06 5.414134653939588944e-15 1.401422753969726152e-09 1.840200321666313357e+03
1.982759263538399944e+06 4.758417662769322386e-15 1.282493893770087548e-09 1.879069228537015078e+03
2.084417504829733167e+06 4.182115905981307617e-15 1.173657686732169126e-09 1.918759128592611432e+03
2.191287875607731752e+06 3.675611241085329385e-15 1.074057640598897523e-09 1.959287362936722275e+03
2.303637607465630397e+06 3.230450398631147446e-15 9.829099475683717448e-10 2.000671638957102232e+03
2.421747633253435604e+06 2.839203902026215025e-15 8.994973160754874919e-10 2.042930038057087813e+03
2.545913289556382690e+06 2.495342073875924148e-15 8.231633260282539547e-10 2.086081023554524108e+03
2.676445055190230254e+06 2.193126059460418866e-15 7.533072630769608690e-10 2.130143448756082762e+03
2.813669327560023405e+06 1.927512048563944654e-15 6.893793912594981055e-10 2.175136565188097848e+03
2.957929238823618274e+06 1.694067097207786854e-15 6.308766268258739782e-10 2.221080031010697439e+03
3.109585513900805730e+06 1.488895144379952451e-15 5.773385791935927630e-10 2.267993919602759433e+03
