# [1] k:    [h/Mpc] 
# [2] P:    [Mpc^3/h^3] 
# [3] T:    [Mpc^3/h^3] 
# [4] Delta_k 
3.059023205018257859e-07 1.714636930540798021e+00 3.588724412815881078e+04 2.486513072412232727e-21
3.215862678579245412e-07 1.798946155033548155e+00 3.588723817311845050e+04 3.030964921114579010e-21
3.380743483904743061e-07 1.887400889988142705e+00 3.588723221807499795e+04 3.694631029674248217e-21
3.554077908890640533e-07 1.980204971428076721e+00 3.588722626303660945e+04 4.503614789581748364e-21
3.736299379885273404e-07 2.077572258054937837e+00 3.588722030799513595e+04 5.489735242851297809e-21
3.927863545481053003e-07 2.179727124070228061e+00 3.588721435295872652e+04 6.691778592238238832e-21
4.129249415873286729e-07 2.286904976222410291e+00 3.588720839792330662e+04 8.157023744605862433e-21
4.340960560635169786e-07 2.399352796282005151e+00 3.588720244288480171e+04 9.943101890314288408e-21
4.563526367904018199e-07 2.517329710190671754e+00 3.588719648785135360e+04 1.212026325981610776e-20
4.797503368127355169e-07 2.641107585189996776e+00 3.588719053281482047e+04 1.477414021376104920e-20
5.043476625678916271e-07 2.770971656319645149e+00 3.588718457778335141e+04 1.800911534484533897e-20
5.302061201824328858e-07 2.907221183711361956e+00 3.588717862274879735e+04 2.195242706589326051e-20
5.573903692694645323e-07 3.050170142212035973e+00 3.588717266771930736e+04 2.675917416573216204e-20
5.859683846113473662e-07 3.200147944906237107e+00 3.588716671269080689e+04 3.261841617251038367e-20
6.160116261320592563e-07 3.357500202220972785e+00 3.588716075765920687e+04 3.976060946474752701e-20
6.475952175842278093e-07 3.522589518355571325e+00 3.588715480262860365e+04 4.846667160806233557e-20
6.807981343976415384e-07 3.695796326869345894e+00 3.588714884760306450e+04 5.907903043707044047e-20
7.157034011589609116e-07 3.877519767354926206e+00 3.588714289257851487e+04 7.201509246621569299e-20
7.523982992164306405e-07 4.068178605221612010e+00 3.588713693755291752e+04 8.778366037068190066e-20
7.909745849287134463e-07 4.268212196703409234e+00 3.588713098252830241e+04 1.070049452715806155e-19
8.315287191035797356e-07 4.478081501315356761e+00 3.588712502750672138e+04 1.304349609508815865e-19
8.741621082001717898e-07 4.698270144091881484e+00 3.588711907248408534e+04 1.589952594721292498e-19
9.189813578979717484e-07 4.929285530060445453e+00 3.588711311746243155e+04 1.938091777719725472e-19
9.660985396665287929e-07 5.171660013509048248e+00 3.588710716244177456e+04 2.362460208773231415e-19
1.015631471002508262e-06 5.425952124749493066e+00 3.588710120742209983e+04 2.879749195677161544e-19
1.067704010034801725e-06 5.692747857200576966e+00 3.588709525240341463e+04 3.510304808185358477e-19
1.122446365234364056e-06 5.972662017758152864e+00 3.588708929738776351e+04 4.278928131959433513e-19
1.179995421003214005e-06 6.266339643559910577e+00 3.588708334237105009e+04 5.215850747712323677e-19
1.240495079956737545e-06 6.574457488420561546e+00 3.588707738735737075e+04 6.357923803211100356e-19
1.304096622755184042e-06 6.897725582343943174e+00 3.588707143234059913e+04 7.750067446841433042e-19
1.370959086384113674e-06 7.236888867731941843e+00 3.588706547732686158e+04 9.447037632043139485e-19
1.441249661829700436e-06 7.592728916030830888e+00 3.588705952231614356e+04 1.151557978474395613e-18
1.515144112143284134e-06 7.966065728793161327e+00 3.588705356730437779e+04 1.403705404210503360e-18
1.592827211940548929e-06 8.357759627302227656e+00 3.588704761229359428e+04 1.711063531877192016e-18
1.674493209434307728e-06 8.768713235102286063e+00 3.588704165728380758e+04 2.085721406598659573e-18
1.760346312156213177e-06 9.199873558014360242e+00 3.588703570227500313e+04 2.542415114867901906e-18
1.850601197581954108e-06 9.652234166426680417e+00 3.588702974726718821e+04 3.099107385990719821e-18
1.945483549936765273e-06 1.012683748488967161e+01 3.588702379226240737e+04 3.777694104214901347e-18
2.045230624523543909e-06 1.062477719428564527e+01 3.588701783725656423e+04 4.604865520158853501e-18
2.150091840984688092e-06 1.114720075212525430e+01 3.588701188225171791e+04 5.613156034812075275e-18
2.260329406981118614e-06 1.169531203675617093e+01 3.588700592724785383e+04 6.842223846324296901e-18
2.376218973848010330e-06 1.227037412159426033e+01 3.588699997224497929e+04 8.340410790803161331e-18
2.498050325866710336e-06 1.287371218576317489e+01 3.588699401724309428e+04 1.016664372895595602e-17
2.626128104876382668e-06 1.350671656785252672e+01 3.588698806224423606e+04 1.239275226413372486e-17
2.760772572037287162e-06 1.417084596982283351e+01 3.588698210724433011e+04 1.510629395252220701e-17
2.902320408650496801e-06 1.486763081846263290e+01 3.588697615224540641e+04 1.841399812698996438e-17
3.051125558036519890e-06 1.559867679211498803e+01 3.588697019724849815e+04 2.244596378744459191e-17
3.207560110577962700e-06 1.636566852081769241e+01 3.588696424225155351e+04 2.736077666961285685e-17
3.372015234139298021e-06 1.717037346838756662e+01 3.588695828725559113e+04 3.335174675739192807e-17
3.544902152190277809e-06 1.801464600537914862e+01 3.588695233226062555e+04 4.065451157329818679e-17
3.726653172078803499e-06 1.890043168231780157e+01 3.588694637726766814e+04 4.955630430052967963e-17
3.917722766024474580e-06 1.982977171304253972e+01 3.588694042227467435e+04 6.040725127145643125e-17
4.118588707535861475e-06 2.080480767850690782e+01 3.588693446728267008e+04 7.363414317669159621e-17
4.329753266093139866e-06 2.182778646185931493e+01 3.588692851229369262e+04 8.975722164547696090e-17
4.551744463083409039e-06 2.290106542617361285e+01 3.588692255730264878e+04 1.094106414490605025e-16
4.785117392129195949e-06 2.402711784680167995e+01 3.588691660231360584e+04 1.333674131489660214e-16
5.030455607111644826e-06 2.520853861079887537e+01 3.588691064732657833e+04 1.625698072369802720e-16
5.288372581359179674e-06 2.644805019661110990e+01 3.588690469233951444e+04 1.981664156261872140e-16
5.559513241650373021e-06 2.774850894778984767e+01 3.588689873735344008e+04 2.415573281998555166e-16
5.844555580866815540e-06 2.911291165517677015e+01 3.588689278236937389e+04 2.944492013072714773e-16
6.144212353328471540e-06 3.054440246273426851e+01 3.588688682738527132e+04 3.589223841669326481e-16
6.459232857050738118e-06 3.204628011295534407e+01 3.588688087240267487e+04 4.375127434006644188e-16
6.790404807379771878e-06 3.362200554850979728e+01 3.588687491742055136e+04 5.333114040302979839e-16
7.138556306691162195e-06 3.527520988768532106e+01 3.588686896243992669e+04 6.500863299616151611e-16
7.504557915077204533e-06 3.700970279196803858e+01 3.588686300746029156e+04 7.924305259726940376e-16
7.889324827200587103e-06 3.882948124507075249e+01 3.588685705248164595e+04 9.659426903045908138e-16
8.293819160757753291e-06 4.073873876362075919e+01 3.588685109750321863e+04 1.177447423302530784e-15
8.719052362274285227e-06 4.274187506075224974e+01 3.588684514252679946e+04 1.435263653379570156e-15
9.166087736248057605e-06 4.484350618483740902e+01 3.588683918755086779e+04 1.749531838062496397e-15
9.636043103964330830e-06 4.704847515677057856e+01 3.588683323257629672e+04 2.132612809630542560e-15
1.013009359863121538e-05 4.936186313026631467e+01 3.588682727760220587e+04 2.599573952787734879e-15
1.064947460382478790e-05 5.178900110093253062e+01 3.588682132262949017e+04 3.168781836766385641e-15
1.119548484259151579e-05 5.433548219106420163e+01 3.588681536765737837e+04 3.862624611333853742e-15
1.176948962493235138e-05 5.700717453850150207e+01 3.588680941268650349e+04 4.708392580067124474e-15
1.237292426178888029e-05 5.981023481922142793e+01 3.588680345771662542e+04 5.739351585702121091e-15
1.300729765406831334e-05 6.275111655913917730e+01 3.588679582261465839e+04 6.996050770999001239e-15
1.367419606568169201e-05 6.583660074431266196e+01 3.588678782660520665e+04 8.527918994867778355e-15
1.437528709002991615e-05 6.907379134071807414e+01 3.588677790164696489e+04 1.039520680243930478e-14
1.511232381985586521e-05 7.247015484153415343e+01 3.588676797668967629e+04 1.267135915930968777e-14
1.588714923088939049e-05 7.603351779038497682e+01 3.588675805172800028e+04 1.544590175026434184e-14
1.670170079024660794e-05 7.977208464629585194e+01 3.588674657104507060e+04 1.882796132556670241e-14
1.755801530110687162e-05 8.369446551380161736e+01 3.588673267609981849e+04 2.295055903578652008e-14
1.845823399578163895e-05 8.780970365941867328e+01 3.588671764238896139e+04 2.797584494244700366e-14
1.940460788991057802e-05 9.212728279921864782e+01 3.588670176246154733e+04 3.410147274030052862e-14
2.039950341117315543e-05 9.665713996893174453e+01 3.588668288319832209e+04 4.156836910778052880e-14
2.144540831659045798e-05 1.014097226980689044e+02 3.588666303331929521e+04 5.067022266073911960e-14
2.254493791321357228e-05 1.063959654530136021e+02 3.588663946219767240e+04 6.176501477278615389e-14
2.370084159775344190e-05 1.116273736690329343e+02 3.588661516926261538e+04 7.528912833001558576e-14
2.491600973150475266e-05 1.171159833999998909e+02 3.588658737942723383e+04 9.177447396131477770e-14
2.619348086775470484e-05 1.228744545675262856e+02 3.588655839476711844e+04 1.118694517633138011e-13
2.753644934974891994e-05 1.289160438374126159e+02 3.588652663486570236e+04 1.363644133493333507e-13
2.894827329821342076e-05 1.352546618966096901e+02 3.588649104173567321e+04 1.662227620003396950e-13
3.043248300840562692e-05 1.419049082897791720e+02 3.588645134194507409e+04 2.026188475765719589e-13
3.199278977769132648e-05 1.488820924333024038e+02 3.588640636517963139e+04 2.469841363799228197e-13
3.363309518572123809e-05 1.562023077606461925e+02 3.588635872531725909e+04 3.010635747812212044e-13
3.535750085041236633e-05 1.638823657548006452e+02 3.588630268484797125e+04 3.669840296338337004e-13
3.717031868412924126e-05 1.719400142385657659e+02 3.588624478388961870e+04 4.473382877322884731e-13
3.907608167571078754e-05 1.803937189390454705e+02 3.588617530915208044e+04 5.452864387383766745e-13
4.107955522530357004e-05 1.892630371091068469e+02 3.588610333276609890e+04 6.646809963927506949e-13
4.318574906034433776e-05 1.985683240191010270e+02 3.588602194810977380e+04 8.102174635586995038e-13
4.539992976248807967e-05 2.083310324168485295e+02 3.588593356268972275e+04 9.876197539646728828e-13
4.772763393680535859e-05 2.185735967830208892e+02 3.588583431303066027e+04 1.203864680398127317e-12
5.017468205617894183e-05 2.293195897657607816e+02 3.588572367570635834e+04 1.467456724169338218e-12
5.274719301551768723e-05 2.405937872761437859e+02 3.588560457638682419e+04 1.788762687995364945e-12
5.545159943218107865e-05 2.524220338681084002e+02 3.588546898040660017e+04 2.180417970355498955e-12
5.829466373087315435e-05 2.648317105159375728e+02 3.588532804629354359e+04 2.657826632223698280e-12
6.128349505322671351e-05 2.778510446296714349e+02 3.588515920283825108e+04 3.239760227080116548e-12
6.442556703436033705e-05 2.915103237514762213e+02 3.588498447326124733e+04 3.949107424078199346e-12
6.772873649085907528e-05 3.058405923229918244e+02 3.588478001868783758e+04 4.813758585899013200e-12
7.120126306690828879e-05 3.208751045795320920e+02 3.588456361646346340e+04 5.867719918244773305e-12
7.485182988770643921e-05 3.366481626820587394e+02 3.588431946258246171e+04 7.152432588392138451e-12
7.868956527180084881e-05 3.531960955418875301e+02 3.588405135062289628e+04 8.718416067741600872e-12
8.272406555663884206e-05 3.705569115261410502e+02 3.588375757185487601e+04 1.062724730992884159e-11
8.696541909440986997e-05 3.887702429263515569e+02 3.588342553517412307e+04 1.295397508797081167e-11
9.142423147818073699e-05 4.078783431799274126e+02 3.588307419304417272e+04 1.579009926986373298e-11
9.611165206140254191e-05 4.279242059433026952e+02 3.588266404328553472e+04 1.924709720181529576e-11
1.010394018371016720e-04 4.489549301798523402e+02 3.588224087261136447e+04 2.346093431146570752e-11
1.062198027464676133e-04 4.710171012498964842e+02 3.588173668147560966e+04 2.859719297876904780e-11
1.116658084901241013e-04 4.941628589251926087e+02 3.588121164673010207e+04 3.485788268091393064e-11
1.173910369191279803e-04 5.184437320753957010e+02 3.588060820873219927e+04 4.248901894852665969e-11
1.234098040866900780e-04 5.439162159469123026e+02 3.587995732242051599e+04 5.179063719831269608e-11
1.297371600457651012e-04 5.706378862949618451e+02 3.587923279995359917e+04 6.312828952579592862e-11
1.363889264820232711e-04 5.986696476710397974e+02 3.587842742283385451e+04 7.694755633555748755e-11
1.433817362763056455e-04 6.280763248172524982e+02 3.587756197077561956e+04 9.379165245983201973e-11
1.507330750954898936e-04 6.589227203830880626e+02 3.587656753392132669e+04 1.143221594871363416e-10
1.584613251157653230e-04 6.912824505568349878e+02 3.587553137735465134e+04 1.393463638798199210e-10
1.665858109876483387e-04 7.252236934939247703e+02 3.587430541539219848e+04 1.698463684893685393e-10
1.751268481576742783e-04 7.608296430619800503e+02 3.587303770211568190e+04 2.070217038233947430e-10
1.841057936675958640e-04 7.981741464849250178e+02 3.587155489979679260e+04 2.523308103204557002e-10
1.935450995581117185e-04 8.373476184355886289e+02 3.586998549421315693e+04 3.075548553374771836e-10
2.034683690106629794e-04 8.784338201481097030e+02 3.586821486981759517e+04 3.748607919838392982e-10
2.139004153676812446e-04 9.215275271104674175e+02 3.586627941447114426e+04 4.568918964168695807e-10
2.248673241788693637e-04 9.667257761148283635e+02 3.586416739055734070e+04 5.568684504016611038e-10
2.363965184286629729e-04 1.014125488502663416e+03 3.586178356552009791e+04 6.787114649511748764e-10
2.485168271079757005e-04 1.063841123115025994e+03 3.585926267757047026e+04 8.272074434169098689e-10
2.612585573016925852e-04 1.115968542033304175e+03 3.585633338287664083e+04 1.008170033135357360e-09
2.746535699721688829e-04 1.170644269327384563e+03 3.585331403703334217e+04 1.228714398699816364e-09
2.887353596282311993e-04 1.227960686842834320e+03 3.584973893075018714e+04 1.497457962625512962e-09
3.035391380788964293e-04 1.288073228397624234e+03 3.584602267363787541e+04 1.824966524418961956e-09
3.191019224812350285e-04 1.351088351739269910e+03 3.584177470062577049e+04 2.224038345230562610e-09
3.354626279025451924e-04 1.417161721398324971e+03 3.583721644530849881e+04 2.710329589649987334e-09
3.526621646282911485e-04 1.486426321454044000e+03 3.583217653691511805e+04 3.302860663811009628e-09
3.707435404591257876e-04 1.559029911785313288e+03 3.582660469587008265e+04 4.024810947016570228e-09
3.897519682527942697e-04 1.635143650405529115e+03 3.582063797894663730e+04 4.904459158990524724e-09
4.097349789798286580e-04 1.714894790997123209e+03 3.581385190608973789e+04 5.976086343176728020e-09
4.307425405757319271e-04 1.798508983939445670e+03 3.580680169435229618e+04 7.281756736460144927e-09
4.528271828868440083e-04 1.886075433486660813e+03 3.579857066715872497e+04 8.872107294890134210e-09
4.760441290223192071e-04 1.977877374078632329e+03 3.579008842078679299e+04 1.080964077229853208e-08
5.004514334406633081e-04 2.073998472339407726e+03 3.578032150860197726e+04 1.316935496427691419e-08
5.261101271161193775e-04 2.174729285700252149e+03 3.577005076074402314e+04 1.604373377146893506e-08
5.530843701478924991e-04 2.280202442578121463e+03 3.575860687623896229e+04 1.954419660080444570e-08
5.814416121938181326e-04 2.390666419434520321e+03 3.574623535936330882e+04 2.380715884676089096e-08
6.112527611296385451e-04 2.506341889655907835e+03 3.573287076707476081e+04 2.899833571705565902e-08
6.425923603556274889e-04 2.627399593099751655e+03 3.571805065978987113e+04 3.531856593537817639e-08
6.755387751939181127e-04 2.754190781462195446e+03 3.570249996066159656e+04 4.301452442097971468e-08
7.101743888426273075e-04 2.886758944285928010e+03 3.568484458603516396e+04 5.238124272126228120e-08
7.465858083767621441e-04 3.025629581397896345e+03 3.566673547819269152e+04 6.378597633827755482e-08
7.848640813110194670e-04 3.170693767972548358e+03 3.564589832448156812e+04 7.766188386501464604e-08
8.251049232659968648e-04 3.322588574489905568e+03 3.562440591044024040e+04 9.455279293519416092e-08
8.674089573071004124e-04 3.481269426267299423e+03 3.560041800844828686e+04 1.151011340716730188e-07
9.118819655546198935e-04 3.647241867840710711e+03 3.557504794822018448e+04 1.401040545002464941e-07
9.586351536941296880e-04 3.820661064592294679e+03 3.554752763628023240e+04 1.705174478424689991e-07
1.007785429048626679e-03 4.001808253644468550e+03 3.551773106193491549e+04 2.075060479620963021e-07
1.059455692907732439e-03 4.191141152004720425e+03 3.548625368018494919e+04 2.524939307611651098e-07
1.113775147844932919e-03 4.388591885412914053e+03 3.545141215957833629e+04 3.071765255944075106e-07
1.170879620791311689e-03 4.595060256489025960e+03 3.541550829859714577e+04 3.736785862548367982e-07
1.230911902673626282e-03 4.809959736297078962e+03 3.537492492704609322e+04 4.544568078736869754e-07
1.294022105466001958e-03 5.034628626950280704e+03 3.533340238401066017e+04 5.526660486704177857e-07
1.360368037548055848e-03 5.268312529470877962e+03 3.528697554777265032e+04 6.719099118645745040e-07
1.430115598308045934e-03 5.512251290464845624e+03 3.523871860012476100e+04 8.167942981015313220e-07
1.503439192977754080e-03 5.766047536745884827e+03 3.518614154182003404e+04 9.926727046753119686e-07
1.580522168736409397e-03 6.030373190207650623e+03 3.513027611333828827e+04 1.206191388246018267e-06
1.661557273174137529e-03 6.305521082591517370e+03 3.507089846795838093e+04 1.465335895833017784e-06
1.746747136261333697e-03 6.591281076211253094e+03 3.500646436022908892e+04 1.779632017707307947e-06
1.836304777029133936e-03 6.888967146201676769e+03 3.493955124102712580e+04 2.161019394500468553e-06
1.930454136227949345e-03 7.197095758514596127e+03 3.486549527292983112e+04 2.623046589032941999e-06
2.029430636295988157e-03 7.518321365624735336e+03 3.479001159071581787e+04 3.183565436243757321e-06
2.133481770037976965e-03 7.849713940617642038e+03 3.470547385014173778e+04 3.861809960006056864e-06
2.242867719486086112e-03 8.194673019922936874e+03 3.461894352138549584e+04 4.683956675092483323e-06
2.357862006490532136e-03 8.550707196753450262e+03 3.452438456754064828e+04 5.678419161092771358e-06
2.478752176666675511e-03 8.919877499586906197e+03 3.442558313522215758e+04 6.882218786250656641e-06
2.605840518408833982e-03 9.301211709842384153e+03 3.432010103956680541e+04 8.337834811534770220e-06
2.739444818768723561e-03 9.694758732355494431e+03 3.420772782826927869e+04 1.009705994879381158e-05
2.879899158088616417e-03 1.010179085151117761e+04 3.409038014184100030e+04 1.222363783787592872e-05
3.027554745376210416e-03 1.051948973474154627e+04 3.396306898855946201e+04 1.478907284095106314e-05
3.182780796510085389e-03 1.095229663013530080e+04 3.383289192657760577e+04 1.788939460101369354e-05
3.345965457471714814e-03 1.139343936598940309e+04 3.368921393650911341e+04 2.162168140966101839e-05
3.517516774912597243e-03 1.185032126297173272e+04 3.354327399058769515e+04 2.612816529860698391e-05
3.697863716483424691e-03 1.231498681429256976e+04 3.338368666851036687e+04 3.154691634548230118e-05
3.887457243476651579e-03 1.279378381694228665e+04 3.321955086128631956e+04 3.807729978308277907e-05
4.086771438464619106e-03 1.328133535126362585e+04 3.304395759492924117e+04 4.592541085327166996e-05
4.296304690752923532e-03 1.377974953124193962e+04 3.286009230738974293e+04 5.536009203865529404e-05
4.516580942613284376e-03 1.428829484116180356e+04 3.266745122750961673e+04 6.669296960807199169e-05
4.748150999412126434e-03 1.480315290883170383e+04 3.246228563051208766e+04 8.027827827111924761e-05
4.991593906910903912e-03 1.533005506244181015e+04 3.225156339643859610e+04 9.658989888807510487e-05
5.247518399182111472e-03 1.585717491643946232e+04 3.202349698531238027e+04 1.160801567225658602e-04
5.516564420761540903e-03 1.639824617621844664e+04 3.179299782796954241e+04 1.394677334851158774e-04
5.799404726842954938e-03 1.693299593366183399e+04 3.154108391808805391e+04 1.673224895149836916e-04
6.096746565516493986e-03 1.747915400334644073e+04 3.128577003409837198e+04 2.006712216762450180e-04
6.409333446257287764e-03 1.801953840659533671e+04 3.101240219393324151e+04 2.403546451893486392e-04
6.737946999086424568e-03 1.856358139005212070e+04 3.073062495543483965e+04 2.876833960749781570e-04
7.083408929053131541e-03 1.910320872979274282e+04 3.043481050679848704e+04 3.439565020864380433e-04
7.446583070925409317e-03 1.963642254199184390e+04 3.012489614948136659e+04 4.107747535577304103e-04
7.828377549226901017e-03 2.016765505502737869e+04 2.980567823660969952e+04 4.901634813401767581e-04
8.229747049021221908e-03 2.067967558769210882e+04 2.946592639347122895e+04 5.839470126547878330e-04
8.651695203121895217e-03 2.119356346526419293e+04 2.912240006822023133e+04 6.953090410677393446e-04
9.095277101697147801e-03 2.167225974267015044e+04 2.875108259677146634e+04 8.260802919704108259e-04
9.561601930544914862e-03 2.215164022155466591e+04 2.837801283364641131e+04 9.809980080881909939e-04
1.005183574463506743e-02 2.258990516138177190e+04 2.797777495105611524e+04 1.162306900889501339e-03
1.056720438385422289e-02 2.301698159789451165e+04 2.757129000337430989e+04 1.375938274073303710e-03
1.110899653824396448e-02 2.340519986476138729e+04 2.714351023736463321e+04 1.625575358405594896e-03
1.167856697039719623e-02 2.376355463904406861e+04 2.670191863450651363e+04 1.917566041316902913e-03
1.227733990307029038e-02 2.408785264030300823e+04 2.624597683687519020e+04 2.258297654687213985e-03
1.290681258048182248e-02 2.435957869895760086e+04 2.576769179222043749e+04 2.653365286084544486e-03
1.356855901220299469e-02 2.460533200393147490e+04 2.528320802427113813e+04 3.113871394061225317e-03
1.426423390900143431e-02 2.477157103747629662e+04 2.476687835635105148e+04 3.642245081702478234e-03
1.499557682048000690e-02 2.492093578491651351e+04 2.425233737945440225e+04 4.257200780332506991e-03
1.576441648485692182e-02 2.496585457468421373e+04 2.369853932229187558e+04 4.955076863554056486e-03
1.657267540176381518e-02 2.499787526753904240e+04 2.315137775720072023e+04 5.764361757263553043e-03
1.742237463949622076e-02 2.498112317954833270e+04 2.259478461844972117e+04 6.692744790244805828e-03
1.831563888873704443e-02 2.489659073644728414e+04 2.202161156577229485e+04 7.749547709421047807e-03
1.925470177538994923e-02 2.470785945760181130e+04 2.141774045815571662e+04 8.935436456627874127e-03
2.024191144580758314e-02 2.444092494687728322e+04 2.079657618638522399e+04 1.026933823248100432e-02
2.127973643838054069e-02 2.411850321550985245e+04 2.016903553928427573e+04 1.177387295088557287e-02
2.237077185616915750e-02 2.364921370165880944e+04 1.949823230980254812e+04 1.341312188293070605e-02
2.351774585601286785e-02 2.314130465916062531e+04 1.883032171541182470e+04 1.524913388484370504e-02
2.472352647034336062e-02 2.254887592354407752e+04 1.814693154243288882e+04 1.726340291272884797e-02
2.599112877875953478e-02 2.195068330703930769e+04 1.748001121349049572e+04 1.952512064882620454e-02
2.732372244729698585e-02 2.126266054583976438e+04 1.679590541334794761e+04 2.197391601064501918e-02
2.872463965424410307e-02 2.055177397457735424e+04 1.612115699101401333e+04 2.467648751305239960e-02
3.019738342232343442e-02 1.976526657612376584e+04 1.543475784446694888e+04 2.757280027849322648e-02
3.174563637807315680e-02 1.895861229625460692e+04 1.475804014192270370e+04 3.072761951857661336e-02
3.337326996033158216e-02 1.813338666244211709e+04 1.409099978138917322e+04 3.414644263712353356e-02
3.508435410085083278e-02 1.738175153713771579e+04 1.346871143436098282e+04 3.802806726628027434e-02
3.688316740124613496e-02 1.667952457815654270e+04 1.288095448798075995e+04 4.239733471309202473e-02
3.877420783172848273e-02 1.589409639930339836e+04 1.227583565852638276e+04 4.693911565501051458e-02
4.076220397837305304e-02 1.512488358901195170e+04 1.169111943299127597e+04 5.189616591636028037e-02
4.285212686704739649e-02 1.434195896690432164e+04 1.111453370132119926e+04 5.717364498052338734e-02
4.504920239356542677e-02 1.362502746466201825e+04 1.057627257002540864e+04 6.310575450667869901e-02
4.735892439114896407e-02 1.303531934492453547e+04 1.009954274643901408e+04 7.014511389143730791e-02
4.978706836787243073e-02 1.249643727178386507e+04 9.654080443320563063e+03 7.812789716895326975e-02
5.233970594844135349e-02 1.201757201880749926e+04 9.242790423335980449e+03 8.729328308704621675e-02
5.502322005641668845e-02 1.160928874998528772e+04 8.868996387943561786e+03 9.797468585435128996e-02
5.784432087484844831e-02 1.125252054975531064e+04 8.524590214581456166e+03 1.103321937524990998e-01
6.081006262522850592e-02 1.086072632039958444e+04 8.176265233507755511e+03 1.237244355021338421e-01
6.392786120671870020e-02 1.046824848251662297e+04 7.836812932467470091e+03 1.385526402515801225e-01
6.720551273976151097e-02 1.003873634051039880e+04 7.492364977714415545e+03 1.543703907658543206e-01
7.065121306044198912e-02 9.607520419564149051e+03 7.155862576793065273e+03 1.716486705131500257e-01
7.427357821434696361e-02 9.082043882275238502e+03 6.792428319388284763e+03 1.885197677623624279e-01
7.808166600116696332e-02 8.527551101142033076e+03 6.425728380910090891e+03 2.056561981445853005e-01
8.208499862391337165e-02 7.882353636175816064e+03 6.031357737544261909e+03 2.208602502683855162e-01
8.629358649938589920e-02 7.233685927640593945e+03 5.640841380683134048e+03 2.354862021522757254e-01
9.071795328942874881e-02 6.587375014464227206e+03 5.255296091220950984e+03 2.491508524756031462e-01
9.536916221556676621e-02 6.012698894380674574e+03 4.901766913196363930e+03 2.642187400136757902e-01
1.002588437228218304e-01 5.494565705917667401e+03 4.574688698155752718e+03 2.805250865356509471e-01
1.053992245618834284e-01 5.114416950965287469e+03 4.308934162909531551e+03 3.033741949908589364e-01
1.108031583623540345e-01 4.779325824733947229e+03 4.066605512243108933e+03 3.293770362407441032e-01
1.164841577735182265e-01 4.557846790240902010e+03 3.877086756156521915e+03 3.649476514422293483e-01
1.224564282530043596e-01 4.339961787545074003e+03 3.693563273247136749e+03 4.037392097355331777e-01
1.287349035878279091e-01 4.108697532066924396e+03 3.508581817340155339e+03 4.440822006149008905e-01
1.353352832366376823e-01 3.834734909254707873e+03 3.309208481446209134e+03 4.815470365868813607e-01
1.422740715865399574e-01 3.500784329290901496e+03 3.086853835087246352e+03 5.107553166703517888e-01
1.495686192226629019e-01 3.155590080655892052e+03 2.861215777536263431e+03 5.348996261012297637e-01
1.572371663136570008e-01 2.817718440819079660e+03 2.639587418577723383e+03 5.549239623847291858e-01
1.652988882216175348e-01 2.572454704679976658e+03 2.462283490755060029e+03 5.886102128681065526e-01
1.737739434504778357e-01 2.365459022393222767e+03 2.305148094420797861e+03 6.288392745080538804e-01
1.826835240527691917e-01 2.226905446373733866e+03 2.183579148837650337e+03 6.878126812466907047e-01
1.920499086207905493e-01 2.091202439369609692e+03 2.065822582894984862e+03 7.504273438690070019e-01
2.018965179946938526e-01 1.905303405906355692e+03 1.925103070025614670e+03 7.943664429206452882e-01
2.122479738267836202e-01 1.725907080210879030e+03 1.788782561238158451e+03 8.360231980661277928e-01
2.231301601484726449e-01 1.542515616413276121e+03 1.650975256010785870e+03 8.681098019003820054e-01
2.345702880938428103e-01 1.402208777660897113e+03 1.536770632810212192e+03 9.168577156945544315e-01
2.465969639416541459e-01 1.298053400893054004e+03 1.443530366046792778e+03 9.861114336070533337e-01
2.592402606459418002e-01 1.187730983300023809e+03 1.348079857581061560e+03 1.048324396858047569e+00
2.725317930340656614e-01 1.080420620680126376e+03 1.255249166079164070e+03 1.107935923228443809e+00
2.865047968602461026e-01 9.735596031565836483e+02 1.163299962876293648e+03 1.159921228463822507e+00
3.011942119122611450e-01 8.761786564843469023e+02 1.077416715265813536e+03 1.212837994874021552e+00
3.166367693791155569e-01 8.014708660636819104e+02 1.006023618164746381e+03 1.288967705680258202e+00
3.328710836981453314e-01 7.303146302598920556e+02 9.375538886746670642e+02 1.364609748719673110e+00
3.499377491112247163e-01 6.559059621927298167e+02 8.674390333563181912e+02 1.423915506767693850e+00
3.678794411715154977e-01 5.914576213777329485e+02 8.041867626350036744e+02 1.491799460016591139e+00
3.867410234545784475e-01 5.366882654460025606e+02 7.478820093041158543e+02 1.572726067562095986e+00
4.065696597406806001e-01 4.844505872641947235e+02 6.937032227722769449e+02 1.649394889150222587e+00
4.274149319488126375e-01 4.356012906091916648e+02 6.422002645290568807e+02 1.723092086613144280e+00
4.493289641173122684e-01 3.924181209346239712e+02 5.950827489919038271e+02 1.803485090089249621e+00
4.723665527411103904e-01 3.537320379766558744e+02 5.515907367939163350e+02 1.888783024643571506e+00
4.965853037915104462e-01 3.181349756651505913e+02 5.106959426176474608e+02 1.973618761154573464e+00
5.220457767611225153e-01 2.860151286914051525e+02 4.727462948630399069e+02 2.061508001769570164e+00
5.488116360941387439e-01 2.567298999334825567e+02 4.372691005167465619e+02 2.149891997068589244e+00
5.769498103806052214e-01 2.303818110282319367e+02 4.044004123809306179e+02 2.241468044605694487e+00
6.065306597127584354e-01 2.066099185473516684e+02 3.738866956167825037e+02 2.335499090959751278e+00
6.376281516219051149e-01 1.851804029340168256e+02 3.455722598547559983e+02 2.432023309761879748e+00
6.703200460357783275e-01 1.658674919924866344e+02 3.193000099603382864e+02 2.530918489855958242e+00
7.046880897188601001e-01 1.484509557918385383e+02 2.949081159468987039e+02 2.631746482031955381e+00
7.408182206818726412e-01 1.328100206520752238e+02 2.723250425130218559e+02 2.735495908059401682e+00
7.788007830715680813e-01 1.187003543025365673e+02 2.513478056534142127e+02 2.840543292944587961e+00
8.187307530781540166e-01 1.060675144235150924e+02 2.319621998162037926e+02 2.949008073758647264e+00
8.607079764252394405e-01 9.467874139201160233e+01 2.139583269672295103e+02 3.058371360104318093e+00
9.048374180361511421e-01 8.449501345594521240e+01 1.973310503065311252e+02 3.171122315603750241e+00
9.512294245009160765e-01 7.534694784146064706e+01 1.819238559332307545e+02 3.285426465487881309e+00
1.000000000000213163e+00 6.716278549105588525e+01 1.676865008933275760e+02 3.402506461337281518e+00
1.051271096376248826e+00 5.983089823714907141e+01 1.545159962915778351e+02 3.521599423857509681e+00
1.105170918075884856e+00 5.326991786862932088e+01 1.423405472014192981e+02 3.642844479457005846e+00
1.161834242728533306e+00 4.740890704310391612e+01 1.310975337081726195e+02 3.766714631860622831e+00
1.221402758160433644e+00 4.216462625975213996e+01 1.207023178407424240e+02 3.892200492397825951e+00
1.284025416688019838e+00 3.749236562682246898e+01 1.111193869148809767e+02 4.020998989894803088e+00
1.349858807576296504e+00 3.330986044843629656e+01 1.022543409174280669e+02 4.150573470917853669e+00
1.419067548593566874e+00 2.958935907007864685e+01 9.408926125673451679e+01 4.283660296460571004e+00
1.491824697641596753e+00 2.626525049285207558e+01 8.654460210964512612e+01 4.417791184804973348e+00
1.568312185490513100e+00 2.330892980887860233e+01 7.959527939410779140e+01 4.555018483219408054e+00
1.648721270700491237e+00 2.067372654072764959e+01 7.318337949078798488e+01 4.693866669598818042e+00
1.733253017867778301e+00 1.832952618419327351e+01 6.727529777123888266e+01 4.835121510665012501e+00
1.822118800390913007e+00 1.624456367037678106e+01 6.183166867657915589e+01 4.978613094573877795e+00
1.915540829014322100e+00 1.438983634777386733e+01 5.681484179049226668e+01 5.123896557252817452e+00
2.013752707470925607e+00 1.274377749382607483e+01 5.219872519353023677e+01 5.272138989234584017e+00
2.117000016613148627e+00 1.127905132347797945e+01 4.794286966015603468e+01 5.421324659686937331e+00
2.225540928492967474e+00 9.981368538913955035e+00 4.403111843743193532e+01 5.574001826890113698e+00
2.339646851926517890e+00 8.827209221011418805e+00 4.042530582576473819e+01 5.727229786047539406e+00
2.459603111157505406e+00 7.805415400018048011e+00 3.711218691866940134e+01 5.883847134780752164e+00
2.585709659316432152e+00 6.898270960121300810e+00 3.406164305127158798e+01 6.041569580165661257e+00
2.718281828459663263e+00 6.095051647024776642e+00 3.125799348231617003e+01 6.201990471453094678e+00
2.857651118063815776e+00 5.383297137628829887e+00 2.867962772313090625e+01 6.364235310603254980e+00
3.004166023947120401e+00 4.752986000439172187e+00 2.630931457231095294e+01 6.528427482398079462e+00
3.158192909690492378e+00 4.195378845547759639e+00 2.413174850680757544e+01 6.695105201181147159e+00
3.320116922737311960e+00 3.701540111580290837e+00 2.212948774663549756e+01 6.862981903886366197e+00
3.490342957462647444e+00 3.265360650908912366e+00 2.029189661417051838e+01 7.034054373134105198e+00
3.669296667620093988e+00 2.879069554062624992e+00 1.860201860246542438e+01 7.205612369846360110e+00
3.857425530697870641e+00 2.538221626045325419e+00 1.705201469906345224e+01 7.380613286626788394e+00
4.055199966845619564e+00 2.236644693577529708e+00 1.562738674660735505e+01 7.556211089903520417e+00
4.263114515169814212e+00 1.970586539972933426e+00 1.432064401813100751e+01 7.734758657680657734e+00
4.481689070339116121e+00 1.735537033279217489e+00 1.312075022952247316e+01 7.914606232063344571e+00
4.711470182591849465e+00 1.528153721924393471e+00 1.201993667922925191e+01 8.096673811442151703e+00
4.953032424396282885e+00 1.345201926860186026e+00 1.101005100425796712e+01 8.280780117279171293e+00
5.206979827181080545e+00 1.183766363980117031e+00 1.008336575583844663e+01 8.466305585055859950e+00
5.473947391728498424e+00 1.041532646541510454e+00 9.233915564689088029e+00 8.654560216320257737e+00
5.754602676007100293e+00 9.160218768548834545e-01 8.454332237710772802e+00 8.843458349737050028e+00
6.049647464414390718e+00 8.055668947236287458e-01 7.740234624950310227e+00 9.035705582785860557e+00
6.359819522603354258e+00 7.081145290285025817e-01 7.084871949541889258e+00 9.228011749320288004e+00
6.685894442280875261e+00 6.223939921203563985e-01 6.484699877196665518e+00 9.423542588096371020e+00
7.028687580590986528e+00 5.468608401937528063e-01 5.934341437604992997e+00 9.619883297041583958e+00
7.389056098932435646e+00 4.804943208378297803e-01 5.430692085213306264e+00 9.820314789641498621e+00
7.767901106308653603e+00 4.221819801096153291e-01 4.969787605665832331e+00 1.002492229789410416e+01
8.166169912569634093e+00 3.709463704346965263e-01 4.548000228677979706e+00 1.023379282961705350e+01
8.584858397179985445e+00 3.259286663607665613e-01 4.162010073926231790e+00 1.044701520544666629e+01
9.025013499436326470e+00 2.863742686880100807e-01 3.808779020334112531e+00 1.066468009660870386e+01
9.487735836360851494e+00 2.516201556687126528e-01 3.485526793079640751e+00 1.088688006347533666e+01
9.974182454817173138e+00 2.210837692534551036e-01 3.189709080105750161e+00 1.111370959492598587e+01
1.048556972473016025e+01 1.942532500920547689e-01 2.918997505889131538e+00 1.134526514852817947e+01
1.102317638064432792e+01 1.706788576056243179e-01 2.671261304841109130e+00 1.158164519155417338e+01
1.158834671922626214e+01 1.499654313107079695e-01 2.444550550093052887e+00 1.182295024285571472e+01
1.218249396070650370e+01 1.317657670299811901e-01 2.237080805659187988e+00 1.206928291560624622e+01
1.280710378266622662e+01 1.157747969598910964e-01 2.047219081175610356e+00 1.232074796093905533e+01
1.346373803500505772e+01 1.017244760397747749e-01 1.873470978664318665e+00 1.257745231248953921e+01
1.415403864537935341e+01 8.937928890647732494e-02 1.714468930155690574e+00 1.283950513186974440e+01
1.487973172487657614e+01 7.853230212071642125e-02 1.568961433587173993e+00 1.310701785508669914e+01
1.564263188419211659e+01 6.900169549159190785e-02 1.435803202254841704e+00 1.338010423993281428e+01
1.644464677110120832e+01 6.062771435626074928e-02 1.313946150283569647e+00 1.365888041435673550e+01
1.728778184057202338e+01 5.326999172813444428e-02 1.202431143163436911e+00 1.394346492584837627e+01
1.817414536944768244e+01 4.680519542664221544e-02 1.100380448420412716e+00 1.423397879184918757e+01
1.910595372823652127e+01 4.112496074913309096e-02 1.006990827001001065e+00 1.453054555121530811e+01
2.008553692319280515e+01 3.613407403177166383e-02 9.215272109930903177e-01 1.483329131675101031e+01
2.111534442254602695e+01 3.174887665177904272e-02 8.433169179204799137e-01 1.514234482883444244e+01
2.219795128144734164e+01 2.789586271848516763e-02 7.717443560722266893e-01 1.545783751016844043e+01
2.333606458094873304e+01 2.451044694726187481e-02 7.062461791920378040e-01 1.577990352166410126e+01
2.453253019711569394e+01 2.153588206312918862e-02 6.463068523907304908e-01 1.610867981949137118e+01
2.579033991719975205e+01 1.892230758724735423e-02 5.914545943810705086e-01 1.644430621331940046e+01
2.711263892066493852e+01 1.662591406178896489e-02 5.412576640963659980e-01 1.678692542577089597e+01
2.850273364377471097e+01 1.460820870369348469e-02 4.953209624647912368e-01 1.713668315311126022e+01
2.996410004740484823e+01 1.283537017799864059e-02 4.532829225922223593e-01 1.749372812720559622e+01
3.150039230875619012e+01 1.127768167527731617e-02 4.148126638762244522e-01 1.785821217876974032e+01
3.311545195870102276e+01 9.909032790257248438e-03 3.796073876510897005e-01 1.823029030192688538e+01
3.481331748761120082e+01 8.706481851996329679e-03 3.473899938654792519e-01 1.861012072012604790e+01
3.659823444368765877e+01 7.649871369249722740e-03 3.179069000332051531e-01 1.899786495342189951e+01
3.847466604904231957e+01 6.721490145028556108e-03 2.909260452903402183e-01 1.939368788715686520e+01
4.044730436007814234e+01 5.905776396622868830e-03 2.662350638486824517e-01 1.979775784208370482e+01
4.252108200007410943e+01 5.189056904696471434e-03 2.436396134686932280e-01 2.021024664593944209e+01
4.470118449331276622e+01 4.559317819004120829e-03 2.229618457954531674e-01 2.063132970651052389e+01
4.699306323159186860e+01 4.006003278914604254e-03 2.040390065177280221e-01 2.106118608623040345e+01
4.940244910554343960e+01 3.519838473155588454e-03 1.867221543318890453e-01 2.149999857831984684e+01
5.193536683484541783e+01 3.092674172863817995e-03 1.708749886277921848e-01 2.194795378452100465e+01
5.459815003315897997e+01 2.717350131957640882e-03 1.563727766692842025e-01 2.240524219444460030e+01
5.739745704546173499e+01 2.387575065113508189e-03 1.431013718252545641e-01 2.287205826657773855e+01
6.034028759737834946e+01 2.097821191501867029e-03 1.309563151236862455e-01 2.334860051097235001e+01
6.343400029814058882e+01 1.843231576597816447e-03 1.198420130571287434e-01 2.383507157367036911e+01
6.668633104094334385e+01 1.619538718900419456e-03 1.096709851679914388e-01 2.433167832286060062e+01
7.010541234670704114e+01 1.422993016894212375e-03 1.003631754915880470e-01 2.483863193686208248e+01
7.369979369961600923e+01 1.250299917191547610e-03 9.184532243716121702e-02 2.535614799391994367e+01
7.747846292528217305e+01 1.098564690318149439e-03 8.405038214731834489e-02 2.588444656388069021e+01
8.145086866499057976e+01 9.652439084573010992e-04 7.691700079711322191e-02 2.642375230177121637e+01
8.562694400222423496e+01 8.481028118098811377e-04 7.038903167927722249e-02 2.697429454333448717e+01
9.001713130054676526e+01 7.451778489328899930e-04 6.441509327456906853e-02 2.753630740255432130e+01
9.463240831495036787e+01 6.547437631474216152e-04 5.894816482882855868e-02 2.811002987121383256e+01
9.948431564196151555e+01 5.752846733089485428e-04 5.394521625350993943e-02 2.869570592051100988e+01
1.045849855771433994e+02 5.054686641889664326e-04 4.936686943670173106e-02 2.929358460482114168e+01
1.099471724521542768e+02 4.441254605435668453e-04 4.517708829875820981e-02 2.990392016759908245e+01
1.155842845272200918e+02 3.902268106362684254e-04 4.134289515300802048e-02 3.052697214949119697e+01
1.215104175187690743e+02 3.428692503982201027e-04 3.783411113901953560e-02 3.116300549870437564e+01
1.277403898460648861e+02 3.012589593138469417e-04 3.462311868537768650e-02 3.181229068368376645e+01
1.342897796849734675e+02 2.646984541817888636e-04 3.168464413230344390e-02 3.247510380811764463e+01
1.411749639215168770e+02 2.325748977085587339e-04 2.899555880315663609e-02 3.315172672832927248e+01
1.484131591026187778e+02 2.043498259608657742e-04 2.653469695909406456e-02 3.384244717318958351e+01
1.560224644864394463e+02 1.795501224838307768e-04 2.428268920391712590e-02 3.454755886641103757e+01
1.640219072999485945e+02 1.577600877924351401e-04 2.222181002794204607e-02 3.526736165148054170e+01
1.724314903169036768e+02 1.386144713018556268e-04 2.033583829085601133e-02 3.600216161917403923e+01
1.812722418752032070e+02 1.217923488960969520e-04 1.860992954542719721e-02 3.675227123770009996e+01
1.905662684586848457e+02 1.070117435092557049e-04 1.703049919714652236e-02 3.751800948556937954e+01
2.003368099748494728e+02 9.402489854810341528e-05 1.558511558015414009e-02 3.829970198727122721e+01
2.106082978667353416e+02 8.261412492749887972e-05 1.426240210783066148e-02 3.909768115172314396e+01
2.214064162042512862e+02 7.258815210571432583e-05 1.305194772789782486e-02 3.991228631359392409e+01
2.327581659077297047e+02 6.377892195490975319e-05 1.194422497724103964e-02 4.074386387768248596e+01
2.446919322642916654e+02 5.603877172413712350e-05 1.093051499141287596e-02 4.159276746612079734e+01
2.572375559058498879e+02 4.923795887567410968e-05 1.000283887863544045e-02 4.245935806885471209e+01
2.704264074262317763e+02 4.326248630461360323e-05 9.153894918085016957e-03 4.334400419707304053e+01
2.842914658240042627e+02 3.801219148791560638e-05 8.377001088191008554e-03 4.424708203992677369e+01
2.988674009671481713e+02 3.339906753256116406e-05 7.666042472578618247e-03 4.516897562456085780e+01
3.141906602857868620e+02 2.934578797960673649e-05 7.015423129671592706e-03 4.611007697933955995e+01
3.302995599097462787e+02 2.578441063674491299e-05 6.420022047148086705e-03 4.707078630059247359e+01
3.472343804788374655e+02 2.265523871249850449e-05 5.875152834551733948e-03 4.805151212280694040e+01
3.650374678654371792e+02 1.990582016208096379e-05 5.376526836800297852e-03 4.905267149232227553e+01
3.837533390612260860e+02 1.749006847173336634e-05 4.920219378265372132e-03 5.007469014469074864e+01
4.034287934928555046e+02 1.536749014384630721e-05 4.502638871726820716e-03 5.111800268573636430e+01
4.241130300448911044e+02 1.350250593374504523e-05 4.120498549056922540e-03 5.218305277632777717e+01
4.458577700826506316e+02 1.186385446057026452e-05 3.770790591133881854e-03 5.327029332108750737e+01
4.687173867825576963e+02 1.042406819535863523e-05 3.450762453353646737e-03 5.438018666094598075e+01
4.927490410934046849e+02 9.159013042734161128e-06 3.157895200404975573e-03 5.551320476975910623e+01
5.180128246684984106e+02 8.047483798537911152e-06 2.889883679779473805e-03 5.666982945506205738e+01
5.445719101260938260e+02 7.070848702317161303e-06 2.644618377957657415e-03 5.785055256285449587e+01
5.724927090138447738e+02 6.212737126619948531e-06 2.420168816470947160e-03 5.905587618682856998e+01
6.018450378722650385e+02 5.458765168012454777e-06 2.214768357142969050e-03 6.028631288190278781e+01
6.327022928124463306e+02 4.796294540102486991e-06 2.026800296912301211e-03 6.154238588207506666e+01
6.651416330445650829e+02 4.214220727101828332e-06 1.854785142796244518e-03 6.282462932304522951e+01
6.992441738160994191e+02 3.702786846855564977e-06 1.697368966828574546e-03 6.413358846927751244e+01
7.350951892421985576e+02 3.253420103287382849e-06 1.553312749318734066e-03 6.546981994586863607e+01
7.727843255353874383e+02 2.858588086825562589e-06 1.421482626552544610e-03 6.683389197531425907e+01
8.124058251677936369e+02 2.511672514067049492e-06 1.300840966171703129e-03 6.822638461906043972e+01
8.540587625264155349e+02 2.206858290284629428e-06 1.190438199990183745e-03 6.964789002422992326e+01
8.978472916506958654e+02 1.939036035200470194e-06 1.089405349961045924e-03 7.109901267540735148e+01
9.438809066718714575e+02 1.703716438141132850e-06 9.969471884668480114e-04 7.258036965167383414e+01
9.922747156053346771e+02 1.496955006971736600e-06 9.123359790985381516e-04 7.409259088903117174e+01
1.043149728180628472e+03 1.315285949428859441e-06 8.349057486563284895e-04 7.563631944830396492e+01
1.096633158428801380e+03 1.155664078551453107e-06 7.640470452871360322e-04 7.721221178854487732e+01
1.152858742783748994e+03 1.015413768415771014e-06 6.992021415009232882e-04 7.882093804620505750e+01
1.211967074492957408e+03 8.921841045548798988e-07 6.398606443086676332e-04 8.046318232017712546e+01
1.274105955173854682e+03 7.839094772785141658e-07 5.855554779282894735e-04 8.213964296255058173e+01
1.339430764394840480e+03 6.887749573545692371e-07 5.358592074409004695e-04 8.385103287575211084e+01
1.408104848205140797e+03 6.051858736620197156e-07 4.903806744582092300e-04 8.559807981555582046e+01
1.480299927585014302e+03 5.317410828736625808e-07 4.487619183227013514e-04 8.738152670063803384e+01
1.556196527837648091e+03 4.672094831044566755e-07 4.106753586062609996e-04 8.920213192854002671e+01
1.635984429996447261e+03 4.105093778404680229e-07 3.758212167305245645e-04 9.106066969801237576e+01
1.719863145376471039e+03 3.606903442439157496e-07 3.439251564158945845e-04 9.295793033840600117e+01
1.808042414456641382e+03 3.169173019023391280e-07 3.147361243857555780e-04 9.489472064567436860e+01
1.900742731340188357e+03 2.784565149798921037e-07 2.880243743309603317e-04 9.687186422544647257e+01
1.998195895104759757e+03 2.446632931345358338e-07 2.635796585811012258e-04 9.889020184327870311e+01
2.100645589420852957e+03 2.149711850403828342e-07 2.412095732491828374e-04 1.009505917822180265e+02
2.208347991887921125e+03 1.888824833738353330e-07 2.207380438242508686e-04 1.030539102077264175e+02
2.321572414611807289e+03 1.659598821058608614e-07 2.020039392923076403e-04 1.052010515402488835e+02
2.440601977625289692e+03 1.458191462576169088e-07 1.848598038773019913e-04 1.073929288356524552e+02
2.565734316835632853e+03 1.281226712473626178e-07 1.691706964194627421e-04 1.096304741734164878e+02
2.697282328269386653e+03 1.125738238692098771e-07 1.548131282560731169e-04 1.119146390530403607e+02
2.835574950475434889e+03 9.891197004519989120e-08 1.416740912444960075e-04 1.142463947985338706e+02
2.980957987042702825e+03 8.690810600511942787e-08 1.296501682774500871e-04 1.166267329717467192e+02
3.133794971289250043e+03 7.636101966166355283e-08 1.186467192887128764e-04 1.190566657936642514e+02
3.294468075284922634e+03 6.709391783807612488e-08 1.085771363431746391e-04 1.215372265751567653e+02
3.463379065480592999e+03 5.895146281187572441e-08 9.936216194731738811e-05 1.240694701561485687e+02
3.640950307333554974e+03 5.179716850112087570e-08 9.092926521509269507e-05 1.266544733543434376e+02
3.827625821441170956e+03 4.551111264698713031e-08 8.321207097873185962e-05 1.292933354232247041e+02
4.023872393823642142e+03 3.998792664352898368e-08 7.614983735091089155e-05 1.319871785190108255e+02
4.230180743132199495e+03 3.513502932023170722e-08 6.968697762674715796e-05 1.347371481784826983e+02
4.447066747701334862e+03 3.087107507068783730e-08 6.377262276178281494e-05 1.375444138057362409e+02
4.675072735513344924e+03 2.712459031509856060e-08 5.836022098275290637e-05 1.404101691695828720e+02
4.914768840300775992e+03 2.383277544034064583e-08 5.340717137944105310e-05 1.433356329110301601e+02
5.166754427177720572e+03 2.094045213555884787e-08 4.887448859380739416e-05 1.463220490618546421e+02
5.431659591364801599e+03 1.839913847798844695e-08 4.472649596690191163e-05 1.493706875731954256e+02
5.710146733755425885e+03 1.616623626560891868e-08 4.093054472861598370e-05 1.524828448558180014e+02
6.002912217263044113e+03 1.420431697430551475e-08 3.745675701984302000e-05 1.556598443314379665e+02
6.310688108091153481e+03 1.248049437058615757e-08 3.427779072440507199e-05 1.589030369953613615e+02
6.634244006280128815e+03 1.096587326346637681e-08 3.136862425981146841e-05 1.622138019912348454e+02
6.974388970108182548e+03 9.635065155251923572e-09 2.870635963281110628e-05 1.655935471970104516e+02
7.331973539158482708e+03 8.465762672566573148e-09 2.627004220978990752e-05 1.690437098242116747e+02
7.707891861111141225e+03 7.438365643969967576e-09 2.404049578322103335e-05 1.725657570288147724e+02
8.103083927578147268e+03 6.535652556464347680e-09 2.200017163610125252e-05 1.761611865350579649e+02
8.518537924572025076e+03 5.742491883742857636e-09 2.013301041635215296e-05 1.798315272725319574e+02
8.955292703485578386e+03 5.045588447361870875e-09 1.842431573396888895e-05 1.835783400263952956e+02
9.414440378761499232e+03 4.433260559274560188e-09 1.686063848599938340e-05 1.874032181007578117e+02
9.897129058747319505e+03 3.895244210155720287e-09 1.542967099892901460e-05 1.913077879964629346e+02
1.040456571656430970e+04 3.422521021240074722e-09 1.412015015521991311e-05 1.952937101027922324e+02
1.093801920816896018e+04 3.007167075761324179e-09 1.292176874152378199e-05 1.993626794034051954e+02
1.149882344515380282e+04 2.642220096070708490e-09 1.182509432080749622e-05 2.035164261972085455e+02
1.208838073022117533e+04 2.321562740011994325e-09 1.082149498981733173e-05 2.077567168339681132e+02
1.270816526367042752e+04 2.039820060345096393e-09 9.903071437543079132e-06 2.120853544657098553e+02
1.335972682966652428e+04 1.792269408392436015e-09 9.062594769888458190e-06 2.165041798133661359e+02
1.404469467150771925e+04 1.574761271695312580e-09 8.293449611182110123e-06 2.210150719493765052e+02
1.476478156558243427e+04 1.383649718741639155e-09 7.589582034689523766e-06 2.256199490970400632e+02
1.552178810420236550e+04 1.215731284852873660e-09 6.945451912269445289e-06 2.303207694461386836e+02
1.631760719802116000e+04 1.068191274821720867e-09 6.355989308126597939e-06 2.351195319852732837e+02
1.715422880929701932e+04 9.385565822165507845e-10 5.816554573454569330e-06 2.400182773525400819e+02
1.803374492783486858e+04 8.246542344853312074e-10 5.322901827842628649e-06 2.450190887028874442e+02
1.895835480205053682e+04 7.245749689896457450e-10 4.871145540034482143e-06 2.501240925940587942e+02
1.993037043823734348e+04 6.366412294167466627e-10 4.457729944987075336e-06 2.553354598909602089e+02
2.095222238178608313e+04 5.593790461162983016e-10 4.079401056510322825e-06 2.606554066885675525e+02
2.202646579481454319e+04 4.914933290145926322e-10 3.733181055207638788e-06 2.660861952546525799e+02
2.315578684540369068e+04 4.318461589560913656e-10 3.416344850114629467e-06 2.716301349915648871e+02
2.434300942441707230e+04 3.794377135881602623e-10 3.126398629561133751e-06 2.772895834183487409e+02
2.559110220669883711e+04 3.333895080624044430e-10 2.861060232427582409e-06 2.830669471732538796e+02
2.690318607430719567e+04 2.929296696289474763e-10 2.618241185299358366e-06 2.889646830372795421e+02
2.828254192034512744e+04 2.573799992914118008e-10 2.396030264130053121e-06 2.949852989783053658e+02
2.973261885290210193e+04 2.261446036489705030e-10 2.192678451038645518e-06 3.011313552186373954e+02
3.125704281962085952e+04 1.986999063655218135e-10 2.006585167819407035e-06 3.074054653228764664e+02
3.285962567445517197e+04 1.745858718386347272e-10 1.836285677822541548e-06 3.138102973094306662e+02
3.454437470929026313e+04 1.533982939558748699e-10 1.680439557041543008e-06 3.203485747854959413e+02
3.631550267425979837e+04 1.347820206798378010e-10 1.537820143659713336e-06 3.270230781046079187e+02
3.817743831181556016e+04 1.184250008919525582e-10 1.407304883020946159e-06 3.338366455498371579e+02
4.013483743089039490e+04 1.040530537049124129e-10 1.287866492021070564e-06 3.407921745397208042e+02
4.219259454884566367e+04 9.142527256719764162e-11 1.178564873384278289e-06 3.478926228611817919e+02
4.435585513031406299e+04 8.032998712073010686e-11 1.078539716174813410e-06 3.551410099270136129e+02
4.663002845354139572e+04 7.058121512379166324e-11 9.870037243059449055e-07 3.625404180597010395e+02
4.902080113639969204e+04 6.201554496531370913e-11 9.032364197478345499e-07 3.700939938022258957e+02
5.153415135589398415e+04 5.448939651436133656e-11 8.265784716594358947e-07 3.778049492566034928e+02
5.417636379671867326e+04 4.787661439016025123e-11 7.564265068072333927e-07 3.856765634491572428e+02
5.695404536624281900e+04 4.206635331076660372e-11 6.922283604263488247e-07 3.937121837249677583e+02
5.987414171521994285e+04 3.696122007388083265e-11 6.334787301428789775e-07 4.019152271719208898e+02
6.294395460553275188e+04 3.247564102495146830e-11 5.797151987476825506e-07 4.102891820727261347e+02
6.617116016840114025e+04 2.853442764804192038e-11 5.305145945204279938e-07 4.188376093894494261e+02
6.956382809870861820e+04 2.507151623506894893e-11 4.854896604525140369e-07 4.275641442770834146e+02
7.313044183344273188e+04 2.202886050768931768e-11 4.442860061548190747e-07 4.364724976296326986e+02
7.687991976470644295e+04 1.935545862951631529e-11 4.065793184575643322e-07 4.455664576577480602e+02
8.082163754034375597e+04 1.700649829927576714e-11 3.720728087479585119e-07 4.548498915003308412e+02
8.496545150794286747e+04 1.494260559458345067e-11 3.404948769523124783e-07 4.643267468681094101e+02
8.932172336083906703e+04 1.312918497542118967e-11 3.115969737776030749e-07 4.740010537235961010e+02
9.390134604774527543e+04 1.153583938408113722e-11 2.851516443842043679e-07 4.838769259933414446e+02
9.871577101079767453e+04 1.013586072132008752e-11 2.609507380936581215e-07 4.939585633185026836e+02
1.037770368201258680e+05 8.905782157804313040e-12 2.388037700385517632e-07 5.042502528404253326e+02
1.090977992765488161e+05 7.824984776614174682e-12 2.185364218595862244e-07 5.147563710227835827e+02
1.146913630576689611e+05 6.875351953292540019e-12 1.999891696495684800e-07 5.254813855144667514e+02
1.205717149864963576e+05 6.040965679948201072e-12 1.830160283434211686e-07 5.364298570478088095e+02
1.267535590057915979e+05 5.307839743221317874e-12 1.674834026727307926e-07 5.476064413788393495e+02
1.332523529455816897e+05 4.663685283501712648e-12 1.532690356398570152e-07 5.590158912664777517e+02
1.400843471757866791e+05 4.097704805675873996e-12 1.402610462355935546e-07 5.706630584944780367e+02
1.472666252406089625e+05 3.600411188519935791e-12 1.283570488257522019e-07 5.825528959336118078e+02
1.548171465762921434e+05 3.163468658958557156e-12 1.174633472759280756e-07 5.946904596487390791e+02
1.627547914190663723e+05 2.779553065528320295e-12 1.074941974709617234e-07 6.070809110483488666e+02
1.710994080155731353e+05 2.442229108927335927e-12 9.837113242467674029e-08 6.197295190795247208e+02
1.798718622538203781e+05 2.145842471750410349e-12 9.002234466776293789e-08 6.326416624688162074e+02
1.890940898387710622e+05 1.885425039253256905e-12 8.238212105247475480e-08 6.458228320082258733e+02
1.987891511430313694e+05 1.656611622447851022e-12 7.539032552587732469e-08 6.592786328924105419e+02
2.089812888697938761e+05 1.455566787591221290e-12 6.899192579999320337e-08 6.730147871003838418e+02
2.196959886722229712e+05 1.278920565586487018e-12 6.313656019375352932e-08 6.870371358290150283e+02
2.309600428808625729e+05 1.123711963631156550e-12 5.777814123722154100e-08 7.013516419778718500e+02
2.428016174984180834e+05 9.873393322350183553e-13 5.287449291794960833e-08 7.159643926838350581e+02
2.552503226294341730e+05 8.675167556532736718e-13 4.838701871442250885e-08 7.308816019100290760e+02
2.683372865209793090e+05 7.622357347352615448e-13 4.428039780358930331e-08 7.461096130886220408e+02
2.820952333994774381e+05 6.697315199057843542e-13 4.052230705132662227e-08 7.616549018178434380e+02
2.965585652983192704e+05 5.884535299453021164e-13 3.708316659768307250e-08 7.775240786160210291e+02
3.117634480808650260e+05 5.170393607184541230e-13 3.393590703435770153e-08 7.937238917321013787e+02
3.277479018739408348e+05 4.542919481796224453e-13 3.105575634191554156e-08 8.102612300154722789e+02
3.445518961379595567e+05 3.991595028550745210e-13 2.842004490972024087e-08 8.271431258464949678e+02
3.622174496113909991e+05 3.507178794561194293e-13 2.600802710383410197e-08 8.443767581255326604e+02
3.807887353794944938e+05 3.081550861005762669e-13 2.380071797853998877e-08 8.619694553258443648e+02
4.003121913300411543e+05 2.707576734807867485e-13 2.178074384621381255e-08 8.799286986109468671e+02
4.208366362722213962e+05 2.378987758288514081e-13 1.993220552935562787e-08 8.982621250155672215e+02
4.424133920090965694e+05 2.090276032189492177e-13 1.824055321845225958e-08 9.169775306916016007e+02
4.650964116688389913e+05 1.836602090752311815e-13 1.669247195074368061e-08 9.360828742265920255e+02
4.889424146156553179e+05 1.613713781247613080e-13 1.527577680837508352e-08 9.555862800252328952e+02
5.140110282777408138e+05 1.417874988219346530e-13 1.397931701115846044e-08 9.754960417656682239e+02
5.403649372469085502e+05 1.245803007683137487e-13 1.279288814898911156e-08 9.958206259254395718e+02
5.680700400227193022e+05 1.094613521535331621e-13 1.170715186313287343e-08 1.016568675381973094e+03
5.971956137930564582e+05 9.617722498172668834e-14 1.071356234419331565e-08 1.037749013089532809e+03
6.278144876631795196e+05 8.450524704106716633e-14 9.804299068192687640e-09 1.059370645828136730e+03
6.600032247664229944e+05 7.424976941088267979e-14 8.972205241393193288e-09 1.081442768036154348e+03
6.938423137119094608e+05 6.523888694024020174e-14 8.210731469304601636e-09 1.103974765718996650e+03
7.294163698479967425e+05 5.732155672632410178e-14 7.513884206528502930e-09 1.126976220440943735e+03
7.668143468447235646e+05 5.036506629150492657e-14 6.876178581675154076e-09 1.150456913398903680e+03
8.061297591243179049e+05 4.425280902014964051e-14 6.292595226049252232e-09 1.174426829582518394e+03
8.474609156959623797e+05 3.888232956628006266e-14 5.758540766294554456e-09 1.198896162019934309e+03
8.909111659795242595e+05 3.416360646871156180e-14 5.269811670038228377e-09 1.223875316111227221e+03
9.365891582329371013e+05 3.001754318657832220e-14 4.822561159979385149e-09 1.249374914058231980e+03
9.846091112294379855e+05 2.637464226097099878e-14 4.413268935957466019e-09 1.275405799371503235e+03
1.035091099863994634e+06 2.317384037965440972e-14 4.038713466763723635e-09 1.301979041494402054e+03
1.088161355403086869e+06 2.036148481665449968e-14 3.695946633507438037e-09 1.329105940497708161e+03
1.143952581128624268e+06 1.789043409061608059e-14 3.382270525043664287e-09 1.356798031892970130e+03
1.202604284165272489e+06 1.571926776622041509e-14 3.095216202763584802e-09 1.385067091536832777e+03
1.264263124320930336e+06 1.381159215335254098e-14 2.832524267621781967e-09 1.413925140634903983e+03
1.329083280812643003e+06 1.213543026606905090e-14 2.592127076455781754e-09 1.443384450858675109e+03
1.397226837794951163e+06 1.066268581546637346e-14 2.372132467601104877e-09 1.473457549558926758e+03
1.468864189654704416e+06 9.368672251966827089e-15 2.170808867728200565e-09 1.504157225098010031e+03
1.544174467085782439e+06 8.231698962516419171e-15 1.986571662658469203e-09 1.535496532284110117e+03
1.623345985009134281e+06 7.232707686532204894e-15 1.817970724896203002e-09 1.567488797921151217e+03
1.706576713458170416e+06 6.354953056118767165e-15 1.663678999708996495e-09 1.600147626485833825e+03
1.794074772606963990e+06 5.583721905506921617e-15 1.522482059896134213e-09 1.633486905897219231e+03
1.886058953179090517e+06 4.906086644977051864e-15 1.393268547065030466e-09 1.667520813439730091e+03
1.982759263538399944e+06 4.310688564964606279e-15 1.275021424142555172e-09 1.702263821775841507e+03
2.084417504829733167e+06 3.787547438267218361e-15 1.166809970300644270e-09 1.737730705110033796e+03
2.191287875607731752e+06 3.327894228718991804e-15 1.067782455271128593e-09 1.773936545474778086e+03
2.303637607465630397e+06 2.924024102147674390e-15 9.771594353877740307e-10 1.810896739127369756e+03
2.421747633253435604e+06 2.569167275861198654e-15 8.942276186075316725e-10 1.848627003120285963e+03
2.545913289556382690e+06 2.257375541638625842e-15 8.183342501961359138e-10 1.887143381962869626e+03
2.676445055190230254e+06 1.983422560245787882e-15 7.488819749124572132e-10 1.926462254459766427e+03
2.813669327560023405e+06 1.742716256081203615e-15 6.853241352350742683e-10 1.966600340669246634e+03
2.957929238823618274e+06 1.531221843534919958e-15 6.271604686312538576e-10 2.007574709011451887e+03
3.109585513900805730e+06 1.345394194803081179e-15 5.739331700014270515e-10 2.049402783533803813e+03
